1 0.541135 0.565782 0.012510 0.022231
1 0.412492 0.600083 0.010557 0.019426
1 0.237581 0.651301 0.012182 0.027935
1 0.559380 0.531583 0.008656 0.018241
1 0.601992 0.550231 0.010682 0.015722
1 0.805547 0.777819 0.064479 0.039546
1 0.246646 0.663375 0.016667 0.062546
1 0.581943 0.581894 0.015740 0.057620
1 0.254167 0.739917 0.025000 0.070778
1 0.199073 0.754731 0.025927 0.070778
1 0.686573 0.527574 0.008333 0.014815
1 0.689815 0.530866 0.007411 0.011528
1 0.578703 0.590125 0.007406 0.011528
1 0.581945 0.595884 0.010182 0.013176
1 0.762036 0.518519 0.009260 0.013167
1 0.798612 0.516870 0.010182 0.013167
1 0.763891 0.518519 0.007406 0.009870
1 0.762964 0.518519 0.005552 0.009870
