1 0.541372 0.574005 0.012516 0.022231
1 0.407826 0.615375 0.010557 0.019417
1 0.232365 0.665296 0.012187 0.027926
1 0.555542 0.548574 0.008656 0.018241
1 0.801935 0.794981 0.064474 0.039556
1 0.202776 0.696296 0.016667 0.062556
1 0.554167 0.598352 0.015740 0.057611
1 0.186573 0.767903 0.025000 0.070787
1 0.189815 0.782718 0.025922 0.070787
1 0.673609 0.537444 0.008333 0.014815
1 0.686109 0.547324 0.007406 0.011519
1 0.557406 0.624690 0.007406 0.011528
1 0.556945 0.623870 0.010182 0.013167
1 0.757406 0.536625 0.009260 0.013176
1 0.797685 0.534981 0.010182 0.013167
1 0.761109 0.538273 0.007406 0.009880
1 0.759258 0.538273 0.005557 0.009880
