1 0.540578 0.553708 0.012510 0.022231
1 0.412172 0.583597 0.010562 0.019417
1 0.239906 0.642361 0.012187 0.027926
1 0.559307 0.519769 0.008656 0.018241
1 0.598000 0.539648 0.010687 0.015722
1 0.805229 0.766028 0.064479 0.039556
1 0.273146 0.673250 0.016667 0.062556
1 0.593057 0.570370 0.015740 0.057611
1 0.287500 0.733333 0.025000 0.070778
1 0.207406 0.736625 0.025927 0.070787
1 0.688427 0.514407 0.008333 0.014815
1 0.687964 0.516051 0.007406 0.011528
1 0.622224 0.517694 0.007406 0.011519
1 0.601388 0.534981 0.010182 0.013167
1 0.762036 0.506995 0.009260 0.013176
1 0.798612 0.503704 0.010182 0.013167
1 0.760185 0.506995 0.007411 0.009880
1 0.762036 0.505347 0.005552 0.009880
