1 0.539247 0.549375 0.012516 0.022231
1 0.239531 0.637690 0.012188 0.027935
1 0.558932 0.515102 0.008656 0.018241
1 0.595187 0.538315 0.010687 0.015722
1 0.804753 0.761361 0.064474 0.039556
1 0.288891 0.665019 0.016667 0.062556
1 0.596760 0.567079 0.015740 0.057620
1 0.294906 0.734981 0.025000 0.070778
1 0.214815 0.730042 0.025922 0.070787
1 0.686573 0.509463 0.008333 0.014815
1 0.686109 0.507819 0.007406 0.011528
1 0.619443 0.512759 0.007406 0.011519
1 0.619906 0.513583 0.010187 0.013167
1 0.762964 0.498769 0.009260 0.013167
1 0.797685 0.502056 0.010182 0.013167
1 0.762964 0.498764 0.007406 0.009880
1 0.762964 0.498764 0.005552 0.009880
