1 0.531102 0.535977 0.012516 0.022231
1 0.482961 0.562315 0.014432 0.030778
1 0.410227 0.564625 0.009620 0.018843
1 0.237339 0.622144 0.012187 0.027935
1 0.551797 0.495926 0.008656 0.018241
1 0.584201 0.531051 0.010682 0.015713
1 0.801935 0.738009 0.064474 0.039556
1 0.314813 0.633745 0.016667 0.062546
1 0.604167 0.547324 0.015740 0.057611
1 0.328240 0.715227 0.025000 0.070787
1 0.244443 0.697120 0.025927 0.070778
1 0.669906 0.484778 0.008333 0.014815
1 0.668518 0.484773 0.007411 0.011528
1 0.613891 0.494648 0.007406 0.011519
1 0.613427 0.497120 0.010187 0.013167
1 0.753703 0.485597 0.009260 0.013176
1 0.797685 0.477366 0.010182 0.013176
1 0.756482 0.485597 0.007411 0.009880
1 0.755555 0.485597 0.005557 0.009880
