1 0.334888 0.600940 0.047776 0.035343
1 0.503544 0.535218 0.013786 0.022231
1 0.456154 0.595940 0.014432 0.030787
1 0.381799 0.560981 0.009620 0.018815
1 0.383333 0.618931 0.016667 0.062546
1 0.554167 0.545676 0.015740 0.057611
1 0.329594 0.664444 0.025000 0.070778
1 0.254630 0.677366 0.025927 0.070787
1 0.642130 0.494648 0.008333 0.014815
1 0.643518 0.494648 0.007411 0.011519
1 0.585185 0.499588 0.007411 0.011528
1 0.582870 0.497120 0.010188 0.013167
1 0.724073 0.488889 0.009260 0.013167
1 0.769906 0.479009 0.010187 0.013167
1 0.767594 0.487245 0.007406 0.009880
1 0.725924 0.492181 0.005557 0.009880
