1 0.513802 0.529745 0.012771 0.022231
1 0.463529 0.581222 0.014432 0.030778
1 0.392346 0.554542 0.009620 0.018806
1 0.226664 0.605815 0.012182 0.027926
1 0.671146 0.523190 0.021802 0.019954
1 0.771693 0.552134 0.013167 0.021009
1 0.349000 0.598602 0.016667 0.062556
1 0.586573 0.537449 0.015740 0.057620
1 0.336573 0.679449 0.025000 0.070787
1 0.257406 0.680657 0.025927 0.070778
1 0.651391 0.481481 0.008333 0.014815
1 0.651852 0.483130 0.007411 0.011519
1 0.596297 0.488065 0.007406 0.011519
1 0.598612 0.488889 0.010182 0.013167
1 0.735185 0.477366 0.009255 0.013176
1 0.777315 0.477366 0.010182 0.013176
1 0.765740 0.498764 0.007406 0.009880
1 0.750000 0.500412 0.005552 0.009880
