1 0.332628 0.614394 0.047776 0.035343
1 0.500081 0.539819 0.013786 0.022231
1 0.455031 0.597685 0.014427 0.030778
1 0.377596 0.561954 0.009620 0.018815
1 0.390740 0.623870 0.016667 0.062556
1 0.544906 0.547324 0.015740 0.057611
1 0.324927 0.666977 0.025000 0.070787
1 0.256482 0.679014 0.025922 0.070787
1 0.650464 0.496296 0.008333 0.014815
1 0.647224 0.499588 0.007406 0.011528
1 0.578703 0.501236 0.007406 0.011528
1 0.579167 0.502056 0.010187 0.013167
1 0.720370 0.492181 0.009260 0.013176
1 0.768055 0.483954 0.010182 0.013167
1 0.765740 0.493829 0.007406 0.009880
1 0.720370 0.495472 0.005552 0.009870
