1 0.541076 0.564319 0.012516 0.022231
1 0.412422 0.596551 0.010562 0.019417
1 0.238255 0.650102 0.012187 0.027926
1 0.559685 0.529241 0.008661 0.018241
1 0.602286 0.546213 0.010687 0.015722
1 0.806138 0.775370 0.064474 0.039556
1 0.255052 0.660352 0.016667 0.062556
1 0.584724 0.580250 0.015740 0.057611
1 0.263427 0.741565 0.025000 0.070778
1 0.199073 0.739917 0.025927 0.070778
1 0.687500 0.524278 0.008333 0.014815
1 0.686109 0.527574 0.007406 0.011519
1 0.580557 0.588477 0.007406 0.011528
1 0.586573 0.590944 0.010187 0.013167
1 0.762964 0.516870 0.009260 0.013167
1 0.798612 0.515227 0.010182 0.013176
1 0.763891 0.515227 0.007406 0.009880
1 0.763888 0.515227 0.005557 0.009880
