1 0.531516 0.536319 0.012510 0.022231
1 0.484299 0.561250 0.014432 0.030778
1 0.410352 0.565523 0.009620 0.018843
1 0.237602 0.622569 0.012182 0.027935
1 0.552193 0.496352 0.008656 0.018241
1 0.584857 0.531519 0.010682 0.015722
1 0.801935 0.738759 0.064474 0.039556
1 0.313891 0.632097 0.016667 0.062546
1 0.604167 0.548972 0.015740 0.057611
1 0.326391 0.716870 0.025000 0.070778
1 0.241667 0.700412 0.025927 0.070787
1 0.671760 0.484778 0.008333 0.014815
1 0.670370 0.484773 0.007406 0.011528
1 0.614815 0.497944 0.007411 0.011519
1 0.614352 0.498769 0.010182 0.013167
1 0.753703 0.483954 0.009260 0.013167
1 0.794906 0.487241 0.010187 0.013167
1 0.757406 0.485597 0.007406 0.009880
1 0.756482 0.485597 0.005557 0.009880
