1 0.536266 0.541912 0.012510 0.022231
1 0.491992 0.563185 0.014432 0.030778
1 0.411141 0.574588 0.010562 0.019417
1 0.239456 0.627421 0.012182 0.027935
1 0.557135 0.503778 0.008656 0.018241
1 0.590224 0.535347 0.010687 0.015713
1 0.801935 0.745481 0.064474 0.039556
1 0.807042 0.567847 0.013167 0.021009
1 0.307406 0.640329 0.016667 0.062546
1 0.604167 0.558847 0.015740 0.057620
1 0.315276 0.738273 0.025000 0.070787
1 0.228703 0.713579 0.025927 0.070787
1 0.672687 0.493000 0.008333 0.014815
1 0.673148 0.491356 0.007411 0.011528
1 0.616667 0.504528 0.007406 0.011519
1 0.618055 0.503704 0.010182 0.013167
1 0.759260 0.492181 0.009260 0.013176
1 0.797685 0.493824 0.010182 0.013167
1 0.757406 0.492181 0.007406 0.009880
1 0.760185 0.492181 0.005557 0.009880
