1 0.332867 0.612116 0.047776 0.035343
1 0.500510 0.539116 0.013792 0.022231
1 0.455193 0.597435 0.014427 0.030778
1 0.378185 0.561856 0.009620 0.018806
1 0.390740 0.615639 0.016667 0.062556
1 0.545833 0.548972 0.015740 0.057611
1 0.325750 0.664634 0.025000 0.070787
1 0.255234 0.670398 0.025927 0.070778
1 0.649536 0.496296 0.008333 0.014815
1 0.647224 0.497944 0.007406 0.011519
1 0.580557 0.497944 0.007406 0.011519
1 0.581018 0.500412 0.010182 0.013176
1 0.720370 0.493824 0.009260 0.013167
1 0.765279 0.485597 0.010182 0.013176
1 0.766667 0.485597 0.007406 0.009880
1 0.722221 0.493829 0.005557 0.009880
