1 0.539641 0.549838 0.012510 0.022231
1 0.239607 0.638625 0.012182 0.027935
1 0.559010 0.516037 0.008656 0.018241
1 0.595750 0.538579 0.010687 0.015713
1 0.804846 0.762296 0.064474 0.039556
1 0.287964 0.665019 0.016667 0.062556
1 0.597685 0.568722 0.015745 0.057611
1 0.296760 0.730042 0.025000 0.070787
1 0.213891 0.736625 0.025927 0.070787
1 0.688427 0.509463 0.008333 0.014815
1 0.687964 0.509463 0.007406 0.011519
1 0.622224 0.511111 0.007406 0.011519
1 0.622685 0.511935 0.010182 0.013167
1 0.762036 0.500412 0.009260 0.013176
1 0.800464 0.500412 0.010188 0.013176
1 0.761109 0.500412 0.007406 0.009880
1 0.762964 0.500412 0.005552 0.009880
