1 0.520737 0.529227 0.012516 0.022231
1 0.471203 0.576458 0.014427 0.030787
1 0.399570 0.558907 0.009620 0.018852
1 0.232836 0.614898 0.012182 0.027926
1 0.673781 0.523120 0.021802 0.019944
1 0.540323 0.490306 0.008656 0.018241
1 0.574242 0.527718 0.008911 0.013935
1 0.793771 0.730500 0.064479 0.039556
1 0.781406 0.551009 0.013167 0.021019
1 0.336135 0.602829 0.016667 0.062546
1 0.593057 0.537449 0.015740 0.057620
1 0.334073 0.684579 0.025000 0.070787
1 0.256482 0.693829 0.025922 0.070787
1 0.660646 0.483130 0.008333 0.014815
1 0.659260 0.483130 0.007406 0.011519
1 0.601852 0.488065 0.007411 0.011519
1 0.602315 0.492181 0.010182 0.013176
1 0.744443 0.480657 0.009260 0.013167
1 0.784721 0.480657 0.010182 0.013167
1 0.742594 0.479014 0.007406 0.009880
1 0.741667 0.480657 0.005552 0.009870
