1 0.516810 0.529097 0.012516 0.022231
1 0.466792 0.578699 0.014427 0.030787
1 0.394617 0.554917 0.009620 0.018815
1 0.229367 0.609296 0.012182 0.027926
1 0.671245 0.520495 0.021802 0.019954
1 0.536492 0.489991 0.008661 0.018241
1 0.569792 0.527750 0.008656 0.013685
1 0.787219 0.732333 0.064479 0.039556
1 0.776094 0.551037 0.013167 0.021019
1 0.345156 0.597269 0.016667 0.062556
1 0.593521 0.553917 0.015740 0.057611
1 0.335005 0.684389 0.025000 0.070778
1 0.257406 0.685597 0.025927 0.070787
1 0.656943 0.481481 0.008333 0.014815
1 0.662964 0.488065 0.007406 0.011519
1 0.598148 0.489713 0.007411 0.011519
1 0.598612 0.488889 0.010182 0.013167
1 0.750000 0.500412 0.009260 0.013176
1 0.781945 0.482306 0.010182 0.013167
1 0.750927 0.500412 0.007406 0.009880
1 0.738888 0.479014 0.005557 0.009880
