1 0.518536 0.528616 0.012510 0.022231
1 0.468997 0.577579 0.014432 0.030787
1 0.397091 0.556917 0.009620 0.018833
1 0.231102 0.612097 0.012182 0.027935
1 0.672513 0.521810 0.021807 0.019954
1 0.538307 0.490315 0.008656 0.018241
1 0.572109 0.527750 0.008656 0.013685
1 0.790495 0.731417 0.064479 0.039556
1 0.778609 0.550917 0.013167 0.021019
1 0.345370 0.610699 0.016667 0.062546
1 0.592130 0.540741 0.015740 0.057611
1 0.336573 0.703704 0.025000 0.070778
1 0.256482 0.690537 0.025922 0.070778
1 0.669906 0.484778 0.008333 0.014815
1 0.667594 0.483130 0.007406 0.011519
1 0.600927 0.488065 0.007406 0.011519
1 0.601388 0.493824 0.010182 0.013167
1 0.754630 0.498769 0.009260 0.013167
1 0.783797 0.477366 0.010188 0.013176
1 0.740740 0.477366 0.007406 0.009880
1 0.754630 0.497120 0.005552 0.009870
