1 0.334206 0.618384 0.047776 0.035343
1 0.499227 0.541208 0.013786 0.022231
1 0.454711 0.598185 0.014432 0.030778
1 0.376422 0.562144 0.009615 0.018806
1 0.393521 0.618931 0.016667 0.062546
1 0.540276 0.552264 0.015740 0.057620
1 0.323609 0.685597 0.025000 0.070787
1 0.257406 0.677366 0.025927 0.070787
1 0.647687 0.497944 0.008333 0.014815
1 0.637964 0.499588 0.007406 0.011528
1 0.578703 0.501236 0.007406 0.011528
1 0.579167 0.502056 0.010187 0.013167
1 0.721297 0.497120 0.009260 0.013167
1 0.766203 0.485597 0.010188 0.013176
1 0.768518 0.487245 0.007411 0.009880
1 0.720370 0.495472 0.005552 0.009870
