1 0.536990 0.545560 0.012510 0.022231
1 0.493198 0.565648 0.014427 0.030778
1 0.411404 0.577856 0.010557 0.019417
1 0.239456 0.631153 0.012182 0.027935
1 0.558159 0.507991 0.008661 0.018241
1 0.591773 0.536431 0.010682 0.015713
1 0.803102 0.751708 0.064474 0.039546
1 0.806253 0.570648 0.013161 0.021019
1 0.299073 0.646912 0.016667 0.062546
1 0.600464 0.560491 0.015740 0.057611
1 0.308797 0.728394 0.025000 0.070787
1 0.224073 0.720167 0.025927 0.070778
1 0.675464 0.494648 0.008333 0.014815
1 0.674073 0.496296 0.007406 0.011519
1 0.619443 0.504528 0.007406 0.011519
1 0.618055 0.508639 0.010182 0.013167
1 0.761109 0.495472 0.009260 0.013167
1 0.798612 0.493824 0.010182 0.013167
1 0.759260 0.493829 0.007406 0.009880
1 0.761112 0.493829 0.005557 0.009880
