1 0.536628 0.543736 0.012516 0.022231
1 0.492596 0.564417 0.014432 0.030778
1 0.411271 0.576222 0.010562 0.019426
1 0.239456 0.629287 0.012182 0.027926
1 0.557844 0.505731 0.008656 0.018241
1 0.590997 0.535889 0.010682 0.015722
1 0.802518 0.748593 0.064474 0.039556
1 0.806646 0.569250 0.013167 0.021019
1 0.303703 0.646912 0.016667 0.062546
1 0.603240 0.558847 0.015740 0.057620
1 0.303240 0.713579 0.025000 0.070787
1 0.225927 0.716870 0.025927 0.070778
1 0.672687 0.493000 0.008333 0.014815
1 0.674073 0.493005 0.007406 0.011528
1 0.618518 0.504528 0.007411 0.011519
1 0.620833 0.505352 0.010187 0.013167
1 0.759260 0.490537 0.009260 0.013167
1 0.796760 0.493824 0.010187 0.013167
1 0.758333 0.492181 0.007406 0.009880
1 0.760185 0.492181 0.005557 0.009880
