1 0.517961 0.528778 0.012516 0.022222
1 0.468263 0.577954 0.014432 0.030778
1 0.396268 0.556250 0.009620 0.018833
1 0.230523 0.611162 0.012182 0.027935
1 0.672089 0.521366 0.021802 0.019954
1 0.537703 0.490204 0.008656 0.018241
1 0.571336 0.527750 0.008661 0.013685
1 0.789404 0.731722 0.064474 0.039556
1 0.777792 0.550870 0.013167 0.021019
1 0.347224 0.620574 0.016667 0.062556
1 0.592294 0.552176 0.015745 0.057611
1 0.335646 0.702056 0.025000 0.070778
1 0.256482 0.690537 0.025922 0.070778
1 0.656943 0.483130 0.008333 0.014815
1 0.656482 0.483130 0.007411 0.011519
1 0.601852 0.489713 0.007411 0.011519
1 0.601388 0.493824 0.010182 0.013167
1 0.754630 0.498769 0.009260 0.013167
1 0.781945 0.482306 0.010182 0.013167
1 0.739815 0.479014 0.007411 0.009880
1 0.767591 0.498764 0.005557 0.009880
