1 0.340904 0.592037 0.047776 0.035333
1 0.509383 0.530403 0.013786 0.022231
1 0.460643 0.590454 0.014432 0.030778
1 0.388810 0.556796 0.009620 0.018815
1 0.223102 0.608282 0.012182 0.027935
1 0.670661 0.529889 0.021802 0.019944
1 0.766201 0.553074 0.013161 0.021019
1 0.368521 0.630454 0.016667 0.062556
1 0.574536 0.544032 0.015740 0.057620
1 0.337214 0.670898 0.025000 0.070778
1 0.256482 0.677366 0.025922 0.070787
1 0.659724 0.484778 0.008333 0.014815
1 0.659260 0.484773 0.007406 0.011528
1 0.592594 0.491356 0.007406 0.011528
1 0.592130 0.493824 0.010188 0.013167
1 0.732406 0.485597 0.009260 0.013176
1 0.780094 0.474074 0.010187 0.013167
1 0.775000 0.482306 0.007406 0.009870
1 0.732409 0.482306 0.005557 0.009870
