1 0.340440 0.591912 0.047776 0.035343
1 0.509060 0.530532 0.013786 0.022231
1 0.460203 0.590954 0.014427 0.030778
1 0.388388 0.557194 0.009620 0.018815
1 0.222674 0.608727 0.012182 0.027935
1 0.670503 0.530602 0.021807 0.019944
1 0.764581 0.553630 0.014526 0.023426
1 0.364672 0.608222 0.016667 0.062556
1 0.572685 0.540741 0.015745 0.057611
1 0.333370 0.667477 0.025000 0.070787
1 0.255557 0.679014 0.025927 0.070787
1 0.649536 0.484778 0.008333 0.014815
1 0.649073 0.488065 0.007406 0.011519
1 0.590740 0.493005 0.007406 0.011528
1 0.589352 0.487241 0.010182 0.013167
1 0.730557 0.483954 0.009260 0.013167
1 0.776388 0.485597 0.010182 0.013176
1 0.776852 0.474074 0.007411 0.009870
1 0.730555 0.482306 0.005557 0.009870
