1 0.537276 0.547042 0.012510 0.022231
1 0.411534 0.579491 0.010557 0.019426
1 0.239456 0.633023 0.012182 0.027935
1 0.558474 0.510241 0.008656 0.018241
1 0.592547 0.536972 0.010687 0.015722
1 0.803685 0.754824 0.064474 0.039556
1 0.805859 0.572051 0.013167 0.021009
1 0.298146 0.656792 0.016667 0.062546
1 0.601391 0.563787 0.015740 0.057611
1 0.303240 0.731685 0.025000 0.070778
1 0.220370 0.721810 0.025927 0.070787
1 0.686573 0.504528 0.008333 0.014815
1 0.673148 0.496296 0.007411 0.011519
1 0.620370 0.511111 0.007406 0.011519
1 0.607870 0.508639 0.010188 0.013167
1 0.759260 0.495472 0.009260 0.013167
1 0.799536 0.495472 0.010188 0.013167
1 0.759260 0.495472 0.007406 0.009870
1 0.762036 0.495472 0.005552 0.009870
