1 0.534003 0.538403 0.012516 0.022231
1 0.489367 0.562815 0.014432 0.030778
1 0.410919 0.571616 0.010245 0.019231
1 0.239193 0.625125 0.012187 0.027935
1 0.555487 0.501306 0.008661 0.018241
1 0.588794 0.534333 0.010682 0.015722
1 0.801935 0.743241 0.064474 0.039556
1 0.807677 0.566528 0.013167 0.021019
1 0.306479 0.637037 0.016667 0.062556
1 0.604167 0.555556 0.015740 0.057611
1 0.318979 0.730042 0.025000 0.070787
1 0.233333 0.708644 0.025927 0.070787
1 0.674536 0.488065 0.008333 0.014815
1 0.673148 0.489713 0.007411 0.011519
1 0.617594 0.501236 0.007406 0.011528
1 0.618055 0.502056 0.010182 0.013167
1 0.758333 0.490537 0.009260 0.013167
1 0.800464 0.487241 0.010188 0.013167
1 0.758333 0.488889 0.007406 0.009870
1 0.760185 0.487245 0.005557 0.009880
