0 0.690594 0.472662 0.046833 0.026111
0 0.555217 0.488426 0.016076 0.024139
0 0.531384 0.479313 0.017737 0.039412
0 0.680340 0.484731 0.008591 0.015769
0 0.718443 0.466995 0.023833 0.013796
0 0.846889 0.459359 0.018013 0.030051
0 0.148408 0.534528 0.012221 0.022259
0 0.211005 0.528963 0.019375 0.016426
0 0.237685 0.495049 0.013115 0.023847
0 0.549538 0.551440 0.023148 0.088889
0 0.436573 0.511933 0.025000 0.079014
0 0.841667 0.674896 0.025927 0.055968
0 0.821297 0.472428 0.016667 0.032921
0 0.300926 0.491359 0.020372 0.041153
0 0.358480 0.511248 0.041659 0.022218
0 0.408178 0.488875 0.014815 0.029630
0 0.354473 0.494083 0.014815 0.037861
0 0.241667 0.453498 0.016667 0.027986
