0 0.538852 0.548903 0.012516 0.022231
0 0.239456 0.636759 0.012182 0.027926
0 0.558859 0.514167 0.008656 0.018241
0 0.594622 0.538046 0.010682 0.015722
0 0.804656 0.760426 0.064479 0.039556
0 0.290740 0.661727 0.016667 0.062546
0 0.597685 0.565435 0.015745 0.057611
0 0.297687 0.734981 0.025000 0.070778
0 0.216667 0.730042 0.025927 0.070787
0 0.688427 0.509463 0.008333 0.014815
0 0.683333 0.511111 0.007406 0.011519
0 0.620370 0.512759 0.007406 0.011519
0 0.620833 0.511935 0.010187 0.013167
0 0.762036 0.500412 0.009260 0.013176
0 0.799536 0.502056 0.010188 0.013167
0 0.761109 0.498764 0.007406 0.009880
0 0.762964 0.498764 0.005552 0.009880
