0 0.337195 0.591023 0.047776 0.035343
0 0.506815 0.531458 0.013786 0.022231
0 0.457115 0.594444 0.014427 0.030778
0 0.385453 0.559954 0.009615 0.018815
0 0.219682 0.611829 0.012188 0.027935
0 0.755435 0.557977 0.017255 0.028250
0 0.374073 0.628806 0.016667 0.062556
0 0.563427 0.537449 0.015740 0.057620
0 0.331943 0.690537 0.025000 0.070778
0 0.254630 0.679014 0.025927 0.070787
0 0.658797 0.491361 0.008333 0.014815
0 0.644443 0.489713 0.007406 0.011519
0 0.585185 0.493005 0.007411 0.011528
0 0.586573 0.495472 0.010187 0.013167
0 0.728703 0.488889 0.009260 0.013167
0 0.770833 0.485597 0.010187 0.013176
0 0.768518 0.487245 0.007411 0.009880
0 0.728703 0.487245 0.005552 0.009880
