0 0.336810 0.592681 0.047776 0.035343
0 0.506271 0.532088 0.013792 0.022231
0 0.456956 0.594694 0.014432 0.030778
0 0.384846 0.560130 0.009620 0.018815
0 0.754435 0.557495 0.017255 0.028250
0 0.378312 0.613856 0.016667 0.062546
0 0.561573 0.542389 0.015740 0.057611
0 0.331021 0.688889 0.025000 0.070778
0 0.254630 0.677366 0.025927 0.070787
0 0.644906 0.488065 0.008333 0.014815
0 0.642594 0.489713 0.007406 0.011519
0 0.585185 0.493005 0.007411 0.011528
0 0.584721 0.495472 0.010182 0.013167
0 0.727776 0.488889 0.009260 0.013167
0 0.770833 0.483954 0.010187 0.013167
0 0.775000 0.479014 0.007406 0.009880
0 0.727779 0.490532 0.005557 0.009880
