0 0.532760 0.537366 0.012510 0.022231
0 0.486643 0.562264 0.014432 0.030787
0 0.410685 0.568389 0.009776 0.018944
0 0.238398 0.623847 0.012182 0.027935
0 0.553839 0.498824 0.008656 0.018241
0 0.586826 0.532926 0.010682 0.015722
0 0.801935 0.741000 0.064474 0.039556
0 0.802685 0.564657 0.013161 0.021019
0 0.311109 0.638685 0.016667 0.062556
0 0.604167 0.553907 0.015740 0.057611
0 0.322687 0.723458 0.025000 0.070787
0 0.237036 0.706995 0.025927 0.070787
0 0.673609 0.486417 0.008333 0.014815
0 0.683333 0.497944 0.007406 0.011519
0 0.606482 0.497944 0.007411 0.011519
0 0.617130 0.498769 0.010188 0.013167
0 0.757406 0.487241 0.009260 0.013167
0 0.795833 0.490537 0.010187 0.013167
0 0.755557 0.485597 0.007406 0.009880
0 0.757409 0.485597 0.005557 0.009880
