0 0.346815 0.598718 0.047776 0.035343
0 0.511688 0.529745 0.013531 0.022231
0 0.462568 0.584296 0.014427 0.030778
0 0.391263 0.554755 0.009620 0.018806
0 0.225490 0.606574 0.012187 0.027926
0 0.671385 0.525542 0.021802 0.019954
0 0.767680 0.552889 0.013161 0.021019
0 0.354130 0.604037 0.016667 0.062556
0 0.582302 0.552648 0.015740 0.057611
0 0.334724 0.681157 0.025000 0.070778
0 0.258406 0.668181 0.025927 0.070787
0 0.651391 0.483130 0.008333 0.014815
0 0.650927 0.484773 0.007406 0.011528
0 0.593518 0.489713 0.007411 0.011519
0 0.594906 0.493824 0.010187 0.013167
0 0.733333 0.480657 0.009260 0.013167
0 0.777315 0.479009 0.010182 0.013167
0 0.775927 0.480657 0.007406 0.009870
0 0.733333 0.480657 0.005552 0.009870
