0 0.541396 0.571838 0.012510 0.022231
0 0.409378 0.612852 0.010557 0.019426
0 0.233677 0.661144 0.012188 0.027935
0 0.557068 0.544944 0.008656 0.018241
0 0.801935 0.790310 0.064474 0.039546
0 0.215740 0.691356 0.016667 0.062546
0 0.560648 0.595065 0.015745 0.057611
0 0.216203 0.762963 0.025000 0.070778
0 0.193518 0.777778 0.025922 0.070778
0 0.676391 0.534157 0.008333 0.014815
0 0.674073 0.530866 0.007406 0.011528
0 0.560185 0.608231 0.007411 0.011519
0 0.559721 0.604116 0.010182 0.013176
0 0.759260 0.534981 0.009260 0.013167
0 0.799536 0.528398 0.010188 0.013167
0 0.758333 0.533333 0.007406 0.009870
0 0.758333 0.534977 0.005552 0.009880
