0 0.344010 0.596866 0.047771 0.035343
0 0.510664 0.529875 0.013786 0.022231
0 0.461924 0.586352 0.014432 0.030778
0 0.390487 0.555222 0.009620 0.018815
0 0.224706 0.607079 0.012182 0.027935
0 0.671305 0.527037 0.021807 0.019944
0 0.767188 0.552949 0.013167 0.021009
0 0.359719 0.610944 0.016667 0.062556
0 0.582693 0.556704 0.015740 0.057611
0 0.336573 0.697120 0.025000 0.070778
0 0.256482 0.677366 0.025922 0.070787
0 0.652313 0.484778 0.008333 0.014815
0 0.650000 0.486421 0.007406 0.011528
0 0.593518 0.488065 0.007411 0.011519
0 0.592130 0.492181 0.010188 0.013176
0 0.734260 0.482306 0.009260 0.013167
0 0.781018 0.472426 0.010182 0.013167
0 0.779630 0.472431 0.007406 0.009880
0 0.736112 0.482306 0.005557 0.009870
