0 0.541263 0.575551 0.012516 0.022231
0 0.407539 0.616903 0.010557 0.019417
0 0.231576 0.667787 0.012182 0.027926
0 0.554505 0.550324 0.008656 0.018241
0 0.802810 0.796537 0.064474 0.039556
0 0.199073 0.674898 0.016667 0.062556
0 0.549536 0.604935 0.015740 0.057611
0 0.183797 0.767903 0.025000 0.070787
0 0.186109 0.777778 0.025927 0.070778
0 0.683797 0.547324 0.008333 0.014815
0 0.685185 0.547324 0.007411 0.011519
0 0.547224 0.609875 0.007406 0.011528
0 0.551388 0.628806 0.010182 0.013167
0 0.758333 0.538269 0.009260 0.013167
0 0.793982 0.539917 0.010182 0.013167
0 0.761109 0.539917 0.007406 0.009870
0 0.759258 0.539917 0.005557 0.009870
