0 0.541216 0.567676 0.012516 0.022222
0 0.412604 0.605972 0.010563 0.019426
0 0.236456 0.653301 0.012182 0.027935
0 0.557862 0.535324 0.008661 0.018241
0 0.804560 0.781907 0.064474 0.039556
0 0.237063 0.666315 0.016667 0.062556
0 0.576391 0.586833 0.015740 0.057611
0 0.243979 0.746500 0.025000 0.070778
0 0.198148 0.759671 0.025922 0.070787
0 0.685646 0.532509 0.008333 0.014815
0 0.679630 0.527574 0.007406 0.011519
0 0.577776 0.596708 0.007406 0.011528
0 0.574536 0.597528 0.010188 0.013167
0 0.760185 0.523454 0.009255 0.013167
0 0.802315 0.518519 0.010182 0.013167
0 0.762036 0.521810 0.007406 0.009880
0 0.761112 0.521810 0.005557 0.009880
