0 0.540430 0.550773 0.012516 0.022231
0 0.412125 0.581241 0.010562 0.019426
0 0.239758 0.640495 0.012182 0.027935
0 0.559159 0.517907 0.008661 0.018241
0 0.596875 0.539111 0.010687 0.015722
0 0.805039 0.764162 0.064474 0.039546
0 0.275927 0.669958 0.016667 0.062546
0 0.593982 0.570370 0.015745 0.057611
0 0.290276 0.728394 0.025000 0.070787
0 0.209260 0.743208 0.025927 0.070787
0 0.677312 0.502880 0.008333 0.014815
0 0.675927 0.502880 0.007406 0.011519
0 0.620370 0.514403 0.007406 0.011528
0 0.620833 0.516870 0.010187 0.013167
0 0.762964 0.502056 0.009260 0.013167
0 0.798612 0.502056 0.010182 0.013167
0 0.761109 0.502060 0.007406 0.009880
0 0.763888 0.502060 0.005557 0.009880
