0 0.517385 0.528940 0.012510 0.022231
0 0.467526 0.578324 0.014427 0.030778
0 0.395440 0.555588 0.009620 0.018824
0 0.229945 0.610231 0.012182 0.027926
0 0.671667 0.520931 0.021802 0.019954
0 0.537099 0.490097 0.008656 0.018250
0 0.570562 0.527750 0.008656 0.013685
0 0.788310 0.732028 0.064474 0.039556
0 0.776974 0.550819 0.013167 0.021009
0 0.349073 0.617282 0.016667 0.062546
0 0.590276 0.539093 0.015740 0.057611
0 0.336573 0.702056 0.025000 0.070778
0 0.256482 0.690537 0.025922 0.070778
0 0.656943 0.481481 0.008333 0.014815
0 0.653703 0.483130 0.007406 0.011519
0 0.599073 0.489713 0.007406 0.011519
0 0.598612 0.492181 0.010182 0.013176
0 0.739815 0.480657 0.009255 0.013167
0 0.781945 0.479009 0.010182 0.013167
0 0.738891 0.479014 0.007406 0.009880
0 0.753703 0.497120 0.005552 0.009870
