0 0.541380 0.571458 0.012510 0.022231
0 0.409742 0.612352 0.010557 0.019426
0 0.233940 0.660315 0.012182 0.027926
0 0.557312 0.544000 0.008656 0.018241
0 0.801935 0.789532 0.064474 0.039546
0 0.216667 0.665019 0.016667 0.062556
0 0.562500 0.593417 0.015740 0.057611
0 0.218057 0.753088 0.025000 0.070787
0 0.194443 0.777778 0.025927 0.070778
0 0.685646 0.542389 0.008333 0.014815
0 0.687036 0.544032 0.007406 0.011528
0 0.558333 0.604940 0.007406 0.011528
0 0.559721 0.609056 0.010182 0.013167
0 0.759260 0.533333 0.009260 0.013167
0 0.794906 0.530042 0.010187 0.013176
0 0.761109 0.530042 0.007406 0.009880
0 0.761112 0.533333 0.005557 0.009870
