0 0.541096 0.564866 0.012516 0.022231
0 0.412445 0.597731 0.010557 0.019426
0 0.238031 0.650500 0.012188 0.027926
0 0.559685 0.530037 0.008661 0.018241
0 0.602190 0.547556 0.010682 0.015722
0 0.805940 0.776185 0.064474 0.039556
0 0.252323 0.664088 0.016667 0.062546
0 0.582870 0.580250 0.015740 0.057611
0 0.261573 0.741565 0.025000 0.070778
0 0.199073 0.751440 0.025927 0.070787
0 0.688427 0.525926 0.008333 0.014815
0 0.678703 0.519343 0.007406 0.011519
0 0.578703 0.591769 0.007406 0.011519
0 0.587500 0.587657 0.010187 0.013167
0 0.761109 0.516870 0.009260 0.013167
0 0.799536 0.515227 0.010188 0.013176
0 0.760185 0.520162 0.007411 0.009880
0 0.761112 0.520162 0.005557 0.009880
