0 0.335914 0.624940 0.047776 0.035343
0 0.497945 0.543301 0.013786 0.022231
0 0.397224 0.627162 0.016667 0.062546
0 0.539068 0.556954 0.015740 0.057611
0 0.322687 0.671046 0.025000 0.086722
0 0.258333 0.677366 0.025927 0.070787
0 0.646760 0.501231 0.008333 0.014815
0 0.649073 0.499588 0.007406 0.011528
0 0.576852 0.502880 0.007411 0.011519
0 0.578240 0.503704 0.010187 0.013167
0 0.718518 0.493824 0.009255 0.013167
0 0.766203 0.487241 0.010188 0.013167
0 0.767594 0.488889 0.007406 0.009870
0 0.719445 0.495472 0.005557 0.009870
