0 0.541430 0.572588 0.012516 0.022231
0 0.408648 0.613861 0.010557 0.019426
0 0.233154 0.662806 0.012182 0.027926
0 0.556578 0.546833 0.008656 0.018241
0 0.801935 0.792176 0.064474 0.039556
0 0.210187 0.673250 0.016667 0.062556
0 0.557870 0.596708 0.015740 0.057620
0 0.209724 0.762963 0.025000 0.070778
0 0.193518 0.779426 0.025922 0.070778
0 0.683797 0.544037 0.008333 0.014815
0 0.687036 0.545681 0.007406 0.011528
0 0.554630 0.611523 0.007406 0.011528
0 0.556018 0.610699 0.010182 0.013176
0 0.760185 0.534981 0.009255 0.013167
0 0.797685 0.534981 0.010182 0.013167
0 0.758333 0.534977 0.007406 0.009880
0 0.760185 0.534977 0.005557 0.009880
