0 0.339513 0.591653 0.047776 0.035343
0 0.508419 0.530801 0.013786 0.022231
0 0.459320 0.591949 0.014432 0.030787
0 0.387549 0.557981 0.009620 0.018815
0 0.221820 0.609616 0.012182 0.027935
0 0.670182 0.532023 0.021802 0.019954
0 0.761336 0.554750 0.017255 0.028259
0 0.367839 0.611519 0.016667 0.062556
0 0.570833 0.548972 0.015740 0.057611
0 0.335042 0.664755 0.025000 0.070787
0 0.255557 0.679014 0.025927 0.070787
0 0.657870 0.488065 0.008333 0.014815
0 0.657406 0.488065 0.007406 0.011519
0 0.589815 0.491356 0.007411 0.011528
0 0.588427 0.493824 0.010187 0.013167
0 0.730557 0.483954 0.009260 0.013167
0 0.774536 0.475722 0.010188 0.013167
0 0.771297 0.485597 0.007406 0.009880
0 0.729630 0.480657 0.005552 0.009870
