0 0.541346 0.570699 0.012516 0.022231
0 0.410469 0.611343 0.010562 0.019426
0 0.234466 0.658653 0.012182 0.027935
0 0.557557 0.542176 0.008656 0.018241
0 0.801935 0.787972 0.064474 0.039556
0 0.221297 0.666667 0.016667 0.062556
0 0.566203 0.593417 0.015740 0.057611
0 0.223609 0.753088 0.025000 0.070787
0 0.194443 0.774486 0.025927 0.070787
0 0.685646 0.542389 0.008333 0.014815
0 0.687036 0.542389 0.007406 0.011519
0 0.560185 0.601648 0.007411 0.011519
0 0.561573 0.607407 0.010187 0.013167
0 0.760185 0.531685 0.009255 0.013167
0 0.795833 0.530042 0.010187 0.013176
0 0.758333 0.531690 0.007406 0.009880
0 0.749076 0.528394 0.005557 0.009880
