0 0.541365 0.571079 0.012510 0.022231
0 0.410104 0.611847 0.010562 0.019417
0 0.234203 0.659486 0.012187 0.027935
0 0.557557 0.543056 0.008656 0.018241
0 0.801935 0.788755 0.064474 0.039546
0 0.218521 0.665019 0.016667 0.062556
0 0.565276 0.595065 0.015740 0.057611
0 0.221760 0.753088 0.025000 0.070787
0 0.199073 0.777778 0.025927 0.070778
0 0.686573 0.544037 0.008333 0.014815
0 0.685185 0.544032 0.007411 0.011528
0 0.559260 0.606583 0.007406 0.011519
0 0.561573 0.600824 0.010187 0.013167
0 0.758333 0.530042 0.009260 0.013176
0 0.796760 0.533333 0.010187 0.013167
0 0.759260 0.531690 0.007406 0.009880
0 0.758333 0.530042 0.005552 0.009880
