0 0.541299 0.575032 0.012516 0.022231
0 0.407635 0.616394 0.010562 0.019417
0 0.231839 0.666958 0.012187 0.027935
0 0.554849 0.549741 0.008656 0.018241
0 0.802372 0.796222 0.064474 0.039556
0 0.200927 0.673250 0.016667 0.062556
0 0.553240 0.604935 0.015740 0.057611
0 0.184724 0.767903 0.025000 0.070787
0 0.187964 0.781069 0.025927 0.070787
0 0.682870 0.547324 0.008333 0.014815
0 0.685185 0.548972 0.007411 0.011519
0 0.556482 0.626338 0.007411 0.011528
0 0.549536 0.613991 0.010188 0.013167
0 0.758333 0.536625 0.009260 0.013176
0 0.796760 0.536625 0.010187 0.013176
0 0.757406 0.538273 0.007406 0.009880
0 0.759258 0.538273 0.005557 0.009880
