0 0.533589 0.538060 0.012510 0.022231
0 0.488206 0.562940 0.014432 0.030787
0 0.410841 0.570542 0.010089 0.019139
0 0.238927 0.624699 0.012187 0.027935
0 0.554937 0.500481 0.008656 0.018241
0 0.588138 0.533866 0.010682 0.015713
0 0.801935 0.742491 0.064474 0.039556
0 0.806010 0.565903 0.013167 0.021009
0 0.310187 0.638685 0.016667 0.062556
0 0.604167 0.555556 0.015740 0.057611
0 0.320833 0.731685 0.025000 0.070778
0 0.235185 0.708644 0.025922 0.070787
0 0.673609 0.491361 0.008333 0.014815
0 0.673148 0.489713 0.007411 0.011519
0 0.606482 0.499588 0.007411 0.011528
0 0.617130 0.502056 0.010188 0.013167
0 0.758333 0.488889 0.009260 0.013167
0 0.796760 0.492181 0.010187 0.013176
0 0.758333 0.488889 0.007406 0.009870
0 0.758333 0.487245 0.005552 0.009880
