0 0.337836 0.621806 0.047776 0.035333
0 0.498372 0.542606 0.013786 0.022231
0 0.396297 0.617282 0.016667 0.062546
0 0.539352 0.548972 0.015745 0.057611
0 0.322078 0.666278 0.025000 0.070778
0 0.258333 0.677366 0.025927 0.070787
0 0.647687 0.499593 0.008333 0.014815
0 0.637036 0.499588 0.007406 0.011528
0 0.576852 0.502880 0.007411 0.011519
0 0.578240 0.502056 0.010187 0.013167
0 0.720370 0.493824 0.009260 0.013167
0 0.767130 0.487241 0.010188 0.013167
0 0.767594 0.487245 0.007406 0.009880
0 0.719445 0.497120 0.005557 0.009870
