0 0.527435 0.533431 0.012516 0.022231
0 0.474229 0.573079 0.014427 0.030787
0 0.405560 0.562083 0.009620 0.018852
0 0.235219 0.618736 0.012187 0.027935
0 0.676359 0.528356 0.021802 0.019954
0 0.547052 0.493407 0.008656 0.018241
0 0.579313 0.527861 0.010687 0.015722
0 0.797029 0.734759 0.064474 0.039556
0 0.791477 0.554074 0.013161 0.021019
0 0.325927 0.625514 0.016667 0.062546
0 0.601391 0.545676 0.015740 0.057611
0 0.330094 0.718519 0.025000 0.070778
0 0.250927 0.702056 0.025927 0.070778
0 0.664354 0.486417 0.008333 0.014815
0 0.665740 0.484773 0.007406 0.011528
0 0.609260 0.493005 0.007406 0.011528
0 0.608797 0.493824 0.010188 0.013167
0 0.750000 0.480657 0.009260 0.013167
0 0.794906 0.477366 0.010187 0.013176
0 0.749073 0.480657 0.007406 0.009870
0 0.748148 0.479014 0.005557 0.009880
