0 0.541281 0.569190 0.012510 0.022231
0 0.411924 0.609333 0.010557 0.019426
0 0.235516 0.655333 0.012187 0.027926
0 0.557557 0.538694 0.008656 0.018241
0 0.802458 0.784894 0.064479 0.039546
0 0.229630 0.686421 0.016667 0.062546
0 0.571760 0.590120 0.015740 0.057611
0 0.234724 0.744856 0.025000 0.070787
0 0.194443 0.766255 0.025927 0.070787
0 0.683797 0.537444 0.008333 0.014815
0 0.676852 0.527574 0.007411 0.011519
0 0.568518 0.601648 0.007411 0.011519
0 0.566203 0.600824 0.010188 0.013167
0 0.760185 0.528398 0.009255 0.013167
0 0.797685 0.521810 0.010182 0.013176
0 0.760185 0.526750 0.007411 0.009870
0 0.759258 0.526750 0.005557 0.009870
