0 0.514508 0.529745 0.012516 0.022231
0 0.463849 0.580194 0.014427 0.030778
0 0.392706 0.554472 0.009620 0.018815
0 0.227055 0.605560 0.012182 0.027935
0 0.671063 0.522407 0.021802 0.019944
0 0.534070 0.489556 0.008661 0.018241
0 0.772573 0.551917 0.013167 0.021019
0 0.351599 0.605245 0.016667 0.062546
0 0.588227 0.547009 0.015766 0.057611
0 0.336896 0.680796 0.025000 0.079315
0 0.257406 0.680657 0.025927 0.070778
0 0.653240 0.483130 0.008333 0.014815
0 0.652776 0.484773 0.007406 0.011528
0 0.598148 0.491356 0.007411 0.011528
0 0.595833 0.492181 0.010187 0.013176
0 0.739815 0.480657 0.009255 0.013167
0 0.780094 0.479009 0.010187 0.013167
0 0.780557 0.483949 0.007406 0.009880
0 0.751852 0.498764 0.005557 0.009880
