0 0.529445 0.534588 0.012516 0.022231
0 0.477435 0.569324 0.014432 0.030778
0 0.408839 0.562829 0.009615 0.018843
0 0.236279 0.620440 0.012182 0.027935
0 0.676708 0.530644 0.021802 0.019954
0 0.549940 0.494528 0.008661 0.018241
0 0.581576 0.529171 0.010682 0.015713
0 0.801935 0.735019 0.064474 0.039556
0 0.794630 0.555940 0.013167 0.021009
0 0.324073 0.623870 0.016667 0.062556
0 0.603240 0.547324 0.015740 0.057611
0 0.329167 0.718519 0.025000 0.070778
0 0.248148 0.700412 0.025922 0.070787
0 0.679167 0.489713 0.008333 0.014815
0 0.669443 0.483130 0.007406 0.011519
0 0.612036 0.494648 0.007406 0.011519
0 0.611573 0.497120 0.010187 0.013167
0 0.751852 0.483954 0.009255 0.013167
0 0.794906 0.483954 0.010187 0.013167
0 0.753703 0.482306 0.007406 0.009870
0 0.753703 0.482306 0.005552 0.009870
