0 0.515083 0.529588 0.012510 0.022231
0 0.464583 0.579819 0.014427 0.030787
0 0.393070 0.554398 0.009620 0.018815
0 0.227633 0.606495 0.012182 0.027935
0 0.670984 0.521625 0.021802 0.019954
0 0.534677 0.489667 0.008656 0.018241
0 0.773453 0.551694 0.013167 0.021019
0 0.348078 0.604111 0.016667 0.062556
0 0.588177 0.543718 0.015740 0.057620
0 0.335969 0.681093 0.025000 0.070778
0 0.256482 0.677366 0.025922 0.070787
0 0.654167 0.483130 0.008333 0.014815
0 0.653703 0.483130 0.007406 0.011519
0 0.599073 0.489713 0.007406 0.011519
0 0.598612 0.488889 0.010182 0.013167
0 0.737036 0.477366 0.009260 0.013176
0 0.780094 0.479009 0.010187 0.013167
0 0.777776 0.480657 0.007406 0.009870
0 0.737036 0.480657 0.005552 0.009870
