0 0.531930 0.536671 0.012516 0.022231
0 0.485081 0.561593 0.014432 0.030778
0 0.410477 0.566417 0.009620 0.018852
0 0.237867 0.622995 0.012182 0.027935
0 0.552740 0.497176 0.008656 0.018241
0 0.585513 0.531991 0.010682 0.015722
0 0.801935 0.739505 0.064474 0.039546
0 0.799357 0.563412 0.013161 0.021009
0 0.312036 0.635389 0.016667 0.062556
0 0.604167 0.548972 0.015740 0.057611
0 0.324536 0.720167 0.025000 0.070778
0 0.239815 0.702056 0.025922 0.070778
0 0.672687 0.489713 0.008333 0.014815
0 0.674073 0.488065 0.007406 0.011519
0 0.602776 0.497944 0.007406 0.011519
0 0.603240 0.495472 0.010187 0.013167
0 0.753703 0.485597 0.009260 0.013176
0 0.800464 0.477366 0.010188 0.013176
0 0.754630 0.483949 0.007406 0.009880
0 0.753703 0.483949 0.005552 0.009880
