0 0.541185 0.566921 0.012516 0.022231
0 0.412560 0.603616 0.010557 0.019417
0 0.236904 0.652505 0.012182 0.027935
0 0.558469 0.533833 0.008656 0.018241
0 0.601852 0.553870 0.010682 0.015722
0 0.804956 0.780269 0.064474 0.039556
0 0.240365 0.664671 0.016667 0.062546
0 0.577315 0.585185 0.015745 0.057611
0 0.249536 0.748148 0.025000 0.070778
0 0.198148 0.758023 0.025922 0.070787
0 0.685646 0.530861 0.008333 0.014815
0 0.685185 0.534157 0.007411 0.011519
0 0.573148 0.595060 0.007411 0.011528
0 0.575464 0.595884 0.010188 0.013176
0 0.761109 0.521810 0.009260 0.013176
0 0.796760 0.521810 0.010187 0.013176
0 0.762036 0.523458 0.007406 0.009880
0 0.761112 0.521810 0.005557 0.009880
