0 0.533174 0.537708 0.012516 0.022231
0 0.487424 0.562602 0.014432 0.030778
0 0.410763 0.569468 0.009932 0.019046
0 0.238661 0.624273 0.012188 0.027935
0 0.554391 0.499648 0.008656 0.018241
0 0.587482 0.533398 0.010682 0.015722
0 0.801935 0.741745 0.064474 0.039546
0 0.804349 0.565278 0.013167 0.021019
0 0.311109 0.640329 0.016667 0.062546
0 0.604167 0.553907 0.015740 0.057611
0 0.321760 0.726750 0.025000 0.070778
0 0.236109 0.706995 0.025927 0.070787
0 0.673609 0.486417 0.008333 0.014815
0 0.672224 0.489713 0.007406 0.011519
0 0.617594 0.504528 0.007406 0.011519
0 0.618055 0.503704 0.010182 0.013167
0 0.758333 0.488889 0.009260 0.013167
0 0.797685 0.487241 0.010182 0.013167
0 0.756482 0.487245 0.007411 0.009880
0 0.758333 0.487245 0.005552 0.009880
