0 0.524479 0.532264 0.012510 0.022231
0 0.472547 0.574958 0.014427 0.030787
0 0.401190 0.559870 0.009620 0.018852
0 0.233893 0.616606 0.012182 0.027935
0 0.675469 0.524875 0.021802 0.019954
0 0.543534 0.489398 0.008661 0.018241
0 0.576596 0.527583 0.009922 0.014963
0 0.795219 0.732394 0.064479 0.039546
0 0.785208 0.552134 0.013167 0.021009
0 0.332406 0.620574 0.016667 0.062556
0 0.602135 0.561556 0.015740 0.057611
0 0.331141 0.693523 0.025000 0.070787
0 0.253703 0.695472 0.025927 0.070778
0 0.664354 0.484778 0.008333 0.014815
0 0.662964 0.483130 0.007406 0.011519
0 0.605557 0.493005 0.007406 0.011528
0 0.604167 0.493824 0.010187 0.013167
0 0.745370 0.482306 0.009260 0.013167
0 0.789352 0.482306 0.010182 0.013167
0 0.745370 0.479014 0.007406 0.009880
0 0.747221 0.480657 0.005557 0.009870
