0 0.522839 0.531097 0.012510 0.022231
0 0.471875 0.575708 0.014427 0.030787
0 0.400378 0.559389 0.009620 0.018852
0 0.233365 0.615750 0.012187 0.027926
0 0.674625 0.523995 0.021802 0.019954
0 0.541927 0.489852 0.008656 0.018241
0 0.575417 0.527648 0.009417 0.014444
0 0.794495 0.731449 0.064479 0.039546
0 0.783521 0.551009 0.013167 0.021019
0 0.335464 0.601852 0.016667 0.062556
0 0.599385 0.558264 0.015740 0.057620
0 0.333396 0.690676 0.025000 0.070778
0 0.254630 0.693829 0.025927 0.070787
0 0.661573 0.481481 0.008333 0.014815
0 0.660185 0.483130 0.007411 0.011519
0 0.604630 0.489713 0.007406 0.011519
0 0.603240 0.492181 0.010187 0.013176
0 0.745370 0.480657 0.009260 0.013167
0 0.787500 0.479009 0.010187 0.013167
0 0.742594 0.480657 0.007406 0.009870
0 0.744445 0.479014 0.005557 0.009880
