0 0.539247 0.549375 0.012516 0.022231
0 0.239531 0.637690 0.012188 0.027935
0 0.558932 0.515102 0.008656 0.018241
0 0.595187 0.538315 0.010687 0.015722
0 0.804753 0.761361 0.064474 0.039556
0 0.288891 0.665019 0.016667 0.062556
0 0.596760 0.567079 0.015740 0.057620
0 0.294906 0.734981 0.025000 0.070778
0 0.214815 0.730042 0.025922 0.070787
0 0.686573 0.509463 0.008333 0.014815
0 0.686109 0.507819 0.007406 0.011528
0 0.619443 0.512759 0.007406 0.011519
0 0.619906 0.513583 0.010187 0.013167
0 0.762964 0.498769 0.009260 0.013167
0 0.797685 0.502056 0.010182 0.013167
0 0.762964 0.498764 0.007406 0.009880
0 0.762964 0.498764 0.005552 0.009880
