0 0.541315 0.569940 0.012516 0.022231
0 0.411195 0.610338 0.010557 0.019417
0 0.234992 0.656995 0.012182 0.027935
0 0.557557 0.540435 0.008656 0.018241
0 0.801935 0.786417 0.064474 0.039556
0 0.222776 0.667250 0.016667 0.062556
0 0.567130 0.591769 0.015740 0.057611
0 0.228240 0.746500 0.025000 0.070778
0 0.195370 0.767903 0.025927 0.070787
0 0.685646 0.537444 0.008333 0.014815
0 0.677776 0.530866 0.007406 0.011528
0 0.572224 0.596708 0.007406 0.011528
0 0.563427 0.602472 0.010187 0.013167
0 0.759260 0.530042 0.009260 0.013176
0 0.801388 0.525102 0.010182 0.013167
0 0.759260 0.530042 0.007406 0.009880
0 0.772221 0.541565 0.005557 0.009870
