0 0.541227 0.576069 0.012516 0.022231
0 0.407445 0.617412 0.010557 0.019417
0 0.231315 0.668616 0.012182 0.027935
0 0.554161 0.550898 0.008656 0.018241
0 0.803247 0.796852 0.064474 0.039556
0 0.197224 0.696296 0.016667 0.062556
0 0.551391 0.609880 0.015740 0.057611
0 0.181943 0.769546 0.025000 0.070778
0 0.183333 0.784361 0.025927 0.070778
0 0.682870 0.547324 0.008333 0.014815
0 0.685185 0.548972 0.007411 0.011519
0 0.552776 0.627981 0.007406 0.011519
0 0.551388 0.630454 0.010182 0.013167
0 0.760185 0.541565 0.009255 0.013167
0 0.793982 0.536625 0.010182 0.013176
0 0.758333 0.541565 0.007406 0.009870
0 0.760185 0.539917 0.005557 0.009870
