0 0.541154 0.577106 0.012516 0.022231
0 0.407253 0.618431 0.010557 0.019417
0 0.231049 0.669449 0.012182 0.027935
0 0.553469 0.552065 0.008656 0.018241
0 0.804122 0.797472 0.064474 0.039556
0 0.192594 0.699588 0.016667 0.062546
0 0.546760 0.619750 0.015740 0.057611
0 0.179167 0.771194 0.025000 0.070778
0 0.167594 0.781069 0.025927 0.070787
0 0.681943 0.548972 0.008333 0.014815
0 0.674073 0.540741 0.007406 0.011519
0 0.549073 0.631278 0.007406 0.011519
0 0.545833 0.617287 0.010187 0.013167
0 0.756482 0.539917 0.009255 0.013167
0 0.796760 0.539917 0.010187 0.013167
0 0.758333 0.541565 0.007406 0.009870
0 0.758333 0.541565 0.005552 0.009870
