0 0.335273 0.599292 0.047776 0.035343
0 0.504091 0.534588 0.013786 0.022231
0 0.456315 0.595690 0.014432 0.030787
0 0.382409 0.560810 0.009620 0.018806
0 0.750440 0.555556 0.017255 0.028259
0 0.383333 0.622222 0.016667 0.062556
0 0.556018 0.544032 0.015745 0.057620
0 0.328240 0.688889 0.025000 0.070778
0 0.256234 0.664824 0.025927 0.070778
0 0.643057 0.491361 0.008333 0.014815
0 0.641667 0.494648 0.007406 0.011519
0 0.583333 0.496296 0.007406 0.011519
0 0.582870 0.497120 0.010188 0.013167
0 0.723148 0.490537 0.009255 0.013167
0 0.767130 0.487241 0.010188 0.013167
0 0.766667 0.490532 0.007406 0.009880
0 0.724076 0.492181 0.005557 0.009880
