0 0.538458 0.548440 0.012510 0.022231
0 0.412799 0.581199 0.010557 0.019417
0 0.239456 0.635824 0.012182 0.027926
0 0.558784 0.513231 0.008661 0.018241
0 0.594060 0.537778 0.010682 0.015722
0 0.804560 0.759491 0.064474 0.039556
0 0.292594 0.656792 0.016667 0.062546
0 0.598609 0.563787 0.015740 0.057611
0 0.303240 0.730042 0.025000 0.070787
0 0.219443 0.728394 0.025927 0.070787
0 0.686573 0.507815 0.008333 0.014815
0 0.686109 0.507819 0.007406 0.011528
0 0.622224 0.511111 0.007406 0.011519
0 0.620833 0.510287 0.010187 0.013167
0 0.762036 0.498769 0.009260 0.013167
0 0.799536 0.500412 0.010188 0.013176
0 0.760185 0.498764 0.007411 0.009880
0 0.762964 0.497120 0.005552 0.009870
