0 0.541409 0.573486 0.012516 0.022231
0 0.407922 0.614866 0.010562 0.019417
0 0.232628 0.664468 0.012182 0.027935
0 0.555885 0.547991 0.008656 0.018241
0 0.801935 0.794046 0.064474 0.039556
0 0.208333 0.669958 0.016667 0.062546
0 0.555094 0.598352 0.015740 0.057611
0 0.205094 0.766255 0.025000 0.070787
0 0.189815 0.782718 0.025922 0.070787
0 0.684724 0.547324 0.008333 0.014815
0 0.686109 0.548972 0.007406 0.011519
0 0.558333 0.621398 0.007406 0.011519
0 0.556018 0.625514 0.010182 0.013176
0 0.758333 0.533333 0.009260 0.013167
0 0.802315 0.530042 0.010182 0.013176
0 0.760185 0.536625 0.007411 0.009880
0 0.759258 0.536625 0.005557 0.009880
