0 0.519687 0.528292 0.012510 0.022231
0 0.470469 0.576833 0.014427 0.030778
0 0.398742 0.558245 0.009620 0.018843
0 0.232258 0.613968 0.012182 0.027935
0 0.673359 0.522681 0.021802 0.019954
0 0.539521 0.490528 0.008656 0.018241
0 0.573651 0.527750 0.008656 0.013685
0 0.792677 0.730806 0.064479 0.039556
0 0.780245 0.551009 0.013167 0.021019
0 0.337797 0.597421 0.016667 0.062546
0 0.592130 0.537449 0.015740 0.057620
0 0.332651 0.688394 0.025000 0.070787
0 0.256482 0.690537 0.025922 0.070778
0 0.657870 0.481481 0.008333 0.014815
0 0.657406 0.481481 0.007406 0.011519
0 0.602776 0.488065 0.007406 0.011519
0 0.603240 0.493824 0.010187 0.013167
0 0.742594 0.480657 0.009260 0.013167
0 0.785648 0.479009 0.010182 0.013167
0 0.741667 0.480657 0.007406 0.009870
0 0.743518 0.480657 0.005557 0.009870
