0 0.540995 0.562134 0.012510 0.022231
0 0.412331 0.591843 0.010557 0.019426
0 0.239081 0.648097 0.012182 0.027935
0 0.559685 0.526037 0.008661 0.018241
0 0.601307 0.542722 0.010687 0.015722
0 0.805836 0.772167 0.064474 0.039556
0 0.263891 0.673250 0.016667 0.062556
0 0.586573 0.576954 0.015740 0.057611
0 0.270833 0.736625 0.025000 0.070787
0 0.203703 0.733333 0.025927 0.070778
0 0.686573 0.524278 0.008333 0.014815
0 0.687036 0.524278 0.007406 0.011519
0 0.590740 0.588477 0.007406 0.011528
0 0.589352 0.605759 0.010182 0.013167
0 0.762036 0.513583 0.009260 0.013167
0 0.799536 0.513583 0.010188 0.013167
0 0.762036 0.511935 0.007406 0.009870
0 0.763888 0.511935 0.005557 0.009870
