0 0.541331 0.570319 0.012516 0.022231
0 0.410831 0.610843 0.010557 0.019426
0 0.234729 0.657824 0.012187 0.027926
0 0.557557 0.541306 0.008656 0.018241
0 0.801935 0.787194 0.064474 0.039556
0 0.220198 0.671653 0.016667 0.062546
0 0.565276 0.593417 0.015740 0.057611
0 0.226391 0.749796 0.025000 0.070778
0 0.194443 0.771194 0.025927 0.070778
0 0.686573 0.540741 0.008333 0.014815
0 0.686109 0.539093 0.007406 0.011519
0 0.561109 0.603292 0.007406 0.011528
0 0.564352 0.602472 0.010182 0.013167
0 0.761109 0.530042 0.009260 0.013176
0 0.797685 0.530042 0.010182 0.013176
0 0.758333 0.531690 0.007406 0.009880
0 0.760185 0.530042 0.005557 0.009880
