0 0.536445 0.542829 0.012516 0.022231
0 0.492294 0.563801 0.014432 0.030787
0 0.411206 0.575407 0.010557 0.019426
0 0.239456 0.628352 0.012182 0.027926
0 0.557682 0.504611 0.008656 0.018241
0 0.590612 0.535620 0.010682 0.015722
0 0.802227 0.747037 0.064474 0.039556
0 0.806844 0.568546 0.013167 0.021019
0 0.306479 0.646912 0.016667 0.062546
0 0.602315 0.558847 0.015745 0.057620
0 0.315276 0.726750 0.025000 0.070778
0 0.227776 0.715227 0.025927 0.070787
0 0.675464 0.494648 0.008333 0.014815
0 0.674073 0.494648 0.007406 0.011519
0 0.617594 0.506171 0.007406 0.011528
0 0.619906 0.503704 0.010187 0.013167
0 0.760185 0.488889 0.009255 0.013167
0 0.800464 0.492181 0.010188 0.013176
0 0.759260 0.492181 0.007406 0.009880
0 0.761112 0.490532 0.005557 0.009880
