0 0.537172 0.546477 0.012510 0.022231
0 0.493500 0.566269 0.014427 0.030778
0 0.411469 0.578676 0.010562 0.019426
0 0.239456 0.632088 0.012182 0.027935
0 0.558318 0.509111 0.008656 0.018241
0 0.592161 0.536704 0.010687 0.015722
0 0.803393 0.753269 0.064474 0.039556
0 0.806057 0.571352 0.013167 0.021019
0 0.297224 0.653500 0.016667 0.062556
0 0.600464 0.560491 0.015740 0.057611
0 0.306021 0.741565 0.025000 0.070778
0 0.223148 0.721810 0.025922 0.070787
0 0.684724 0.502880 0.008333 0.014815
0 0.675000 0.496296 0.007406 0.011519
0 0.619443 0.504528 0.007406 0.011519
0 0.620833 0.508639 0.010187 0.013167
0 0.758333 0.493824 0.009260 0.013167
0 0.799536 0.495472 0.010188 0.013167
0 0.761109 0.493829 0.007406 0.009880
0 0.761112 0.498764 0.005557 0.009880
