0 0.334117 0.604245 0.047776 0.035343
0 0.502456 0.536477 0.013786 0.022231
0 0.455833 0.596440 0.014427 0.030787
0 0.380581 0.561324 0.009620 0.018815
0 0.386109 0.622222 0.016667 0.062556
0 0.551391 0.545676 0.015740 0.057611
0 0.329557 0.663301 0.025000 0.070787
0 0.257516 0.665838 0.025927 0.070787
0 0.652313 0.494648 0.008333 0.014815
0 0.649073 0.496296 0.007406 0.011519
0 0.581482 0.497944 0.007411 0.011519
0 0.581945 0.498769 0.010182 0.013167
0 0.723148 0.488889 0.009255 0.013167
0 0.769906 0.482306 0.010187 0.013167
0 0.765740 0.492181 0.007406 0.009880
0 0.724076 0.492181 0.005557 0.009880
