0 0.333732 0.605903 0.047776 0.035343
0 0.501909 0.537097 0.013786 0.022231
0 0.455672 0.596690 0.014427 0.030787
0 0.379971 0.561495 0.009620 0.018806
0 0.388891 0.625514 0.016667 0.062546
0 0.548609 0.552264 0.015740 0.057620
0 0.328667 0.660514 0.025000 0.070787
0 0.255911 0.660458 0.025927 0.070787
0 0.640276 0.496296 0.008333 0.014815
0 0.639815 0.497944 0.007411 0.011519
0 0.580557 0.499588 0.007406 0.011528
0 0.582870 0.498769 0.010188 0.013167
0 0.722224 0.492181 0.009260 0.013176
0 0.769906 0.482306 0.010187 0.013167
0 0.767594 0.490532 0.007406 0.009880
0 0.723148 0.493829 0.005557 0.009880
