0 0.332388 0.616671 0.047776 0.035343
0 0.499654 0.540514 0.013786 0.022231
0 0.454872 0.597935 0.014432 0.030778
0 0.377008 0.562046 0.009620 0.018815
0 0.392594 0.618931 0.016667 0.062546
0 0.542130 0.550620 0.015740 0.057611
0 0.324250 0.666343 0.025000 0.070778
0 0.256482 0.679014 0.025922 0.070787
0 0.650464 0.496296 0.008333 0.014815
0 0.647224 0.496296 0.007406 0.011519
0 0.578703 0.501236 0.007406 0.011528
0 0.577315 0.503704 0.010182 0.013167
0 0.719443 0.497120 0.009260 0.013167
0 0.768982 0.483954 0.010182 0.013167
0 0.762964 0.493829 0.007406 0.009880
0 0.721297 0.497120 0.005552 0.009870
