0 0.536086 0.541005 0.012516 0.022231
0 0.491693 0.562565 0.014427 0.030778
0 0.411076 0.573769 0.010557 0.019426
0 0.239456 0.626486 0.012182 0.027935
0 0.556583 0.502954 0.008656 0.018241
0 0.589836 0.535074 0.010682 0.015722
0 0.801935 0.744731 0.064474 0.039556
0 0.807237 0.567148 0.013161 0.021019
0 0.307406 0.640329 0.016667 0.062546
0 0.602315 0.555556 0.015745 0.057611
0 0.318057 0.736625 0.025000 0.070787
0 0.230557 0.713579 0.025927 0.070787
0 0.675464 0.489713 0.008333 0.014815
0 0.674073 0.491356 0.007406 0.011528
0 0.617594 0.502880 0.007406 0.011519
0 0.617130 0.505352 0.010188 0.013167
0 0.760185 0.490537 0.009255 0.013167
0 0.796760 0.490537 0.010187 0.013167
0 0.757406 0.490532 0.007406 0.009880
0 0.760185 0.488889 0.005557 0.009870
