0 0.541336 0.574523 0.012516 0.022231
0 0.407732 0.615884 0.010557 0.019417
0 0.232102 0.666125 0.012182 0.027935
0 0.555195 0.549157 0.008661 0.018241
0 0.801935 0.795917 0.064474 0.039556
0 0.201854 0.669958 0.016667 0.062546
0 0.553240 0.609880 0.015740 0.057611
0 0.185646 0.767903 0.025000 0.070787
0 0.187964 0.781069 0.025927 0.070787
0 0.682870 0.545676 0.008333 0.014815
0 0.686109 0.548972 0.007406 0.011519
0 0.550000 0.609875 0.007406 0.011528
0 0.550464 0.613991 0.010188 0.013167
0 0.758333 0.534981 0.009260 0.013167
0 0.799536 0.533333 0.010188 0.013167
0 0.760185 0.536625 0.007411 0.009880
0 0.759258 0.536625 0.005557 0.009880
