0 0.541266 0.568810 0.012510 0.022231
0 0.412286 0.608829 0.010562 0.019417
0 0.235779 0.654505 0.012182 0.027935
0 0.557557 0.537815 0.008656 0.018241
0 0.802984 0.784148 0.064479 0.039556
0 0.230432 0.668755 0.016667 0.062546
0 0.570833 0.590120 0.015740 0.057611
0 0.236573 0.744856 0.025000 0.070787
0 0.194443 0.761315 0.025927 0.070778
0 0.687500 0.535806 0.008333 0.014815
0 0.678703 0.527574 0.007406 0.011519
0 0.571297 0.600000 0.007406 0.011519
0 0.570833 0.600824 0.010187 0.013167
0 0.760185 0.526750 0.009255 0.013167
0 0.795833 0.526750 0.010187 0.013167
0 0.760185 0.526750 0.007411 0.009870
0 0.762036 0.526750 0.005552 0.009870
