0 0.516234 0.529264 0.012510 0.022231
0 0.466057 0.579074 0.014427 0.030778
0 0.393789 0.554255 0.009620 0.018806
0 0.228789 0.608361 0.012182 0.027926
0 0.670823 0.520056 0.021802 0.019944
0 0.535885 0.489880 0.008656 0.018241
0 0.569021 0.527750 0.008656 0.013685
0 0.775214 0.551259 0.013167 0.021019
0 0.347505 0.598537 0.016667 0.062556
0 0.591313 0.554486 0.015740 0.057620
0 0.334365 0.684454 0.025000 0.070778
0 0.259047 0.678630 0.025927 0.070778
0 0.668057 0.483130 0.008333 0.014815
0 0.654630 0.481481 0.007406 0.011519
0 0.599073 0.488065 0.007406 0.011519
0 0.599536 0.492181 0.010188 0.013176
0 0.751852 0.500412 0.009255 0.013176
0 0.780094 0.482306 0.010187 0.013167
0 0.765740 0.498764 0.007406 0.009880
0 0.738888 0.479014 0.005557 0.009880
