0 0.540654 0.555171 0.012516 0.022231
0 0.412195 0.584773 0.010557 0.019417
0 0.239982 0.643296 0.012182 0.027926
0 0.559385 0.520704 0.008656 0.018241
0 0.598565 0.539912 0.010682 0.015713
0 0.805326 0.766963 0.064474 0.039556
0 0.276854 0.668315 0.016667 0.062556
0 0.593982 0.572019 0.015745 0.057611
0 0.285646 0.734981 0.025000 0.070778
0 0.208333 0.743208 0.025927 0.070787
0 0.687500 0.514407 0.008333 0.014815
0 0.687964 0.517694 0.007406 0.011519
0 0.602776 0.539093 0.007406 0.011519
0 0.596760 0.534981 0.010187 0.013167
0 0.762964 0.505352 0.009260 0.013167
0 0.800464 0.505352 0.010188 0.013167
0 0.763891 0.505347 0.007406 0.009880
0 0.764815 0.505347 0.005557 0.009880
