0 0.541190 0.576588 0.012516 0.022231
0 0.407349 0.617921 0.010562 0.019417
0 0.231049 0.669449 0.012182 0.027935
0 0.553813 0.551481 0.008656 0.018241
0 0.803685 0.797157 0.064474 0.039556
0 0.192594 0.689713 0.016667 0.062556
0 0.549536 0.604935 0.015740 0.057611
0 0.181943 0.767903 0.025000 0.070787
0 0.185185 0.777778 0.025922 0.070778
0 0.683797 0.552259 0.008333 0.014815
0 0.674073 0.542389 0.007406 0.011519
0 0.550927 0.629630 0.007406 0.011519
0 0.549536 0.630454 0.010188 0.013167
0 0.759260 0.543213 0.009260 0.013167
0 0.798612 0.536625 0.010182 0.013176
0 0.757406 0.541565 0.007406 0.009870
0 0.760185 0.541565 0.005557 0.009870
