0 0.541036 0.563227 0.012510 0.022231
0 0.412378 0.594194 0.010557 0.019426
0 0.238706 0.649301 0.012182 0.027935
0 0.559685 0.527639 0.008661 0.018241
0 0.601797 0.544472 0.010687 0.015722
0 0.805987 0.773769 0.064474 0.039556
0 0.255034 0.660176 0.018234 0.062556
0 0.584724 0.578602 0.015740 0.057611
0 0.264354 0.739917 0.025000 0.070778
0 0.200927 0.736625 0.025927 0.070787
0 0.690276 0.524278 0.008333 0.014815
0 0.685185 0.525926 0.007411 0.011519
0 0.588891 0.604940 0.007406 0.011528
0 0.586573 0.589301 0.010187 0.013176
0 0.761109 0.511935 0.009260 0.013167
0 0.801388 0.513583 0.010182 0.013167
0 0.760185 0.513579 0.007411 0.009880
0 0.762964 0.515227 0.005552 0.009880
