0 0.335659 0.597634 0.047776 0.035343
0 0.504635 0.533968 0.013792 0.022231
0 0.456474 0.595444 0.014427 0.030778
0 0.383018 0.560639 0.009620 0.018815
0 0.751440 0.556042 0.017255 0.028250
0 0.381479 0.620574 0.016667 0.062556
0 0.556943 0.544032 0.015740 0.057620
0 0.329844 0.663935 0.025000 0.070778
0 0.254630 0.675722 0.025927 0.070778
0 0.643057 0.491361 0.008333 0.014815
0 0.656482 0.493005 0.007411 0.011528
0 0.584260 0.493005 0.007406 0.011528
0 0.585648 0.493824 0.010182 0.013167
0 0.725927 0.490537 0.009260 0.013167
0 0.771760 0.479009 0.010187 0.013167
0 0.767594 0.488889 0.007406 0.009870
0 0.725924 0.488889 0.005557 0.009870
