0 0.530688 0.535630 0.012510 0.022222
0 0.481625 0.563380 0.014427 0.030778
0 0.410102 0.563727 0.009620 0.018843
0 0.237073 0.621718 0.012187 0.027935
0 0.676708 0.530644 0.021802 0.019954
0 0.551401 0.495500 0.008656 0.018241
0 0.583544 0.530583 0.010682 0.015722
0 0.801935 0.737264 0.064474 0.039546
0 0.796992 0.558509 0.013161 0.021019
0 0.318521 0.630454 0.016667 0.062556
0 0.604167 0.547324 0.015740 0.057611
0 0.327313 0.715227 0.025000 0.070787
0 0.244443 0.702056 0.025927 0.070778
0 0.670833 0.483130 0.008333 0.014815
0 0.669443 0.484773 0.007406 0.011528
0 0.612964 0.494648 0.007406 0.011519
0 0.614352 0.495472 0.010182 0.013167
0 0.753703 0.483954 0.009260 0.013167
0 0.793055 0.482306 0.010182 0.013167
0 0.753703 0.483949 0.007406 0.009880
0 0.754630 0.482306 0.005552 0.009870
