0 0.541063 0.578782 0.012510 0.022231
0 0.407062 0.619454 0.010563 0.019426
0 0.231049 0.669449 0.012182 0.027935
0 0.553469 0.552065 0.008656 0.018241
0 0.804560 0.797782 0.064474 0.039546
0 0.185188 0.679833 0.016667 0.062556
0 0.543057 0.618106 0.015740 0.057620
0 0.176391 0.774486 0.025000 0.070787
0 0.169443 0.781069 0.025927 0.070787
0 0.682870 0.553907 0.008333 0.014815
0 0.672224 0.542389 0.007406 0.011519
0 0.545370 0.634569 0.007406 0.011528
0 0.541203 0.617287 0.010188 0.013167
0 0.758333 0.543213 0.009260 0.013167
0 0.794906 0.544856 0.010187 0.013176
0 0.757406 0.541565 0.007406 0.009870
0 0.756482 0.541565 0.005557 0.009870
