0 0.541232 0.568051 0.012516 0.022231
0 0.412628 0.607148 0.010557 0.019426
0 0.236229 0.653704 0.012187 0.027926
0 0.557557 0.536074 0.008656 0.018241
0 0.804036 0.782653 0.064479 0.039546
0 0.230734 0.662532 0.016667 0.062546
0 0.573609 0.586833 0.015740 0.057611
0 0.241203 0.746500 0.025000 0.070778
0 0.194443 0.762963 0.025927 0.070778
0 0.687500 0.537444 0.008333 0.014815
0 0.683333 0.532509 0.007406 0.011519
0 0.577776 0.595060 0.007406 0.011528
0 0.573612 0.595884 0.010182 0.013176
0 0.760185 0.525102 0.009255 0.013167
0 0.802315 0.520167 0.010182 0.013167
0 0.760185 0.525102 0.007411 0.009870
0 0.761112 0.525102 0.005557 0.009870
