0 0.536810 0.544653 0.012516 0.022231
0 0.492898 0.565032 0.014432 0.030787
0 0.411336 0.577037 0.010557 0.019426
0 0.239456 0.630222 0.012182 0.027926
0 0.558000 0.506861 0.008656 0.018241
0 0.591385 0.536157 0.010687 0.015722
0 0.802810 0.750153 0.064474 0.039546
0 0.806451 0.569949 0.013161 0.021009
0 0.300927 0.645269 0.016667 0.062556
0 0.601391 0.560491 0.015740 0.057611
0 0.302313 0.716870 0.025000 0.070778
0 0.225000 0.718519 0.025927 0.070778
0 0.675464 0.494648 0.008333 0.014815
0 0.675000 0.494648 0.007406 0.011519
0 0.619443 0.504528 0.007406 0.011519
0 0.618055 0.508639 0.010182 0.013167
0 0.761109 0.493824 0.009260 0.013167
0 0.799536 0.493824 0.010188 0.013167
0 0.759260 0.493829 0.007406 0.009880
0 0.761112 0.493829 0.005557 0.009880
