0 0.526844 0.533199 0.012510 0.022231
0 0.473893 0.573454 0.014432 0.030778
0 0.403982 0.561338 0.009620 0.018843
0 0.234953 0.618310 0.012187 0.027935
0 0.676242 0.527597 0.021807 0.019954
0 0.546279 0.492972 0.008661 0.018241
0 0.578839 0.527671 0.010688 0.015713
0 0.796667 0.734287 0.064479 0.039556
0 0.790224 0.553685 0.013167 0.021019
0 0.326854 0.625514 0.016667 0.062546
0 0.604542 0.562713 0.015740 0.057611
0 0.330094 0.716870 0.025000 0.070778
0 0.251852 0.697120 0.025922 0.070778
0 0.663427 0.486417 0.008333 0.014815
0 0.662964 0.483130 0.007406 0.011519
0 0.608333 0.493005 0.007406 0.011528
0 0.607870 0.493824 0.010188 0.013167
0 0.749073 0.480657 0.009260 0.013167
0 0.789352 0.483954 0.010182 0.013167
0 0.748148 0.480657 0.007411 0.009870
0 0.748148 0.479014 0.005557 0.009880
