0 0.333992 0.628079 0.047776 0.035343
0 0.497518 0.543995 0.013786 0.022231
0 0.398146 0.618931 0.016667 0.062546
0 0.537500 0.550620 0.015740 0.057611
0 0.320833 0.669764 0.025000 0.070787
0 0.259260 0.677366 0.025927 0.070787
0 0.645833 0.499593 0.008333 0.014815
0 0.648148 0.501236 0.007411 0.011528
0 0.578703 0.502880 0.007406 0.011519
0 0.580094 0.503704 0.010187 0.013167
0 0.720370 0.497120 0.009260 0.013167
0 0.766203 0.488889 0.010188 0.013167
0 0.762964 0.495472 0.007406 0.009870
0 0.719445 0.498764 0.005557 0.009880
