0 0.525661 0.532727 0.012510 0.022231
0 0.473221 0.574204 0.014432 0.030778
0 0.402003 0.560347 0.009620 0.018843
0 0.234424 0.617458 0.012182 0.027935
0 0.676010 0.526069 0.021802 0.019954
0 0.544906 0.491185 0.008656 0.018241
0 0.577773 0.527519 0.010432 0.015463
0 0.795943 0.733343 0.064479 0.039556
0 0.787716 0.552907 0.013161 0.021019
0 0.325125 0.605282 0.016667 0.062546
0 0.598609 0.540741 0.015740 0.057611
0 0.331021 0.715227 0.025000 0.070787
0 0.252776 0.695472 0.025927 0.070778
0 0.664354 0.483130 0.008333 0.014815
0 0.664815 0.481481 0.007411 0.011519
0 0.606482 0.491356 0.007411 0.011528
0 0.607870 0.493824 0.010188 0.013167
0 0.748148 0.480657 0.009255 0.013167
0 0.788427 0.483954 0.010187 0.013167
0 0.747224 0.480657 0.007406 0.009870
0 0.749076 0.480657 0.005557 0.009870
