0 0.515659 0.529421 0.012516 0.022231
0 0.465320 0.579444 0.014432 0.030778
0 0.393430 0.554329 0.009620 0.018806
0 0.228211 0.607431 0.012182 0.027935
0 0.670904 0.520838 0.021807 0.019954
0 0.535281 0.489778 0.008656 0.018241
0 0.774333 0.551477 0.013167 0.021009
0 0.347505 0.598028 0.016667 0.062556
0 0.590385 0.556829 0.015740 0.057620
0 0.336932 0.680523 0.025000 0.070787
0 0.256482 0.687241 0.025922 0.070778
0 0.652313 0.484778 0.008333 0.014815
0 0.652776 0.486421 0.007406 0.011528
0 0.597224 0.488065 0.007406 0.011519
0 0.598612 0.493824 0.010182 0.013167
0 0.737036 0.480657 0.009260 0.013167
0 0.780094 0.482306 0.010187 0.013167
0 0.779630 0.483949 0.007406 0.009880
0 0.739815 0.480657 0.005557 0.009870
