0 0.541117 0.565412 0.012516 0.022231
0 0.412469 0.598907 0.010563 0.019426
0 0.237805 0.650903 0.012182 0.027935
0 0.559685 0.530843 0.008661 0.018241
0 0.602091 0.548889 0.010682 0.015722
0 0.805742 0.777000 0.064474 0.039556
0 0.249521 0.658704 0.016667 0.062556
0 0.581943 0.581894 0.015740 0.057620
0 0.256943 0.741565 0.025000 0.070778
0 0.200000 0.754731 0.025927 0.070778
0 0.688427 0.524278 0.008333 0.014815
0 0.686109 0.529218 0.007406 0.011528
0 0.580557 0.591769 0.007406 0.011519
0 0.578240 0.592593 0.010187 0.013167
0 0.762964 0.518519 0.009260 0.013167
0 0.797685 0.516870 0.010182 0.013167
0 0.763891 0.516875 0.007406 0.009880
0 0.763888 0.518519 0.005557 0.009870
