0 0.528617 0.533894 0.012516 0.022231
0 0.474901 0.572329 0.014427 0.030787
0 0.407706 0.562829 0.009620 0.018843
0 0.235747 0.619588 0.012182 0.027935
0 0.676594 0.529880 0.021802 0.019944
0 0.548604 0.494278 0.008656 0.018241
0 0.580263 0.528231 0.010682 0.015722
0 0.800299 0.734435 0.064474 0.039556
0 0.793052 0.555009 0.013167 0.021019
0 0.324073 0.625514 0.016667 0.062546
0 0.601391 0.544032 0.015740 0.057620
0 0.330094 0.718519 0.025000 0.070778
0 0.250000 0.702056 0.025927 0.070778
0 0.667130 0.484778 0.008333 0.014815
0 0.666667 0.483130 0.007406 0.011519
0 0.612964 0.494648 0.007406 0.011519
0 0.613427 0.493824 0.010187 0.013167
0 0.751852 0.482306 0.009255 0.013167
0 0.793055 0.483954 0.010182 0.013167
0 0.750000 0.480657 0.007406 0.009870
0 0.752779 0.482306 0.005557 0.009870
