0 0.540880 0.559579 0.012510 0.022231
0 0.412263 0.588306 0.010557 0.019426
0 0.239531 0.645699 0.012188 0.027935
0 0.559609 0.523509 0.008656 0.018241
0 0.600253 0.540713 0.010682 0.015722
0 0.805612 0.769769 0.064474 0.039556
0 0.267594 0.673250 0.016667 0.062556
0 0.590276 0.573662 0.015740 0.057620
0 0.277313 0.738273 0.025000 0.070787
0 0.205557 0.739917 0.025927 0.070778
0 0.688427 0.517694 0.008333 0.014815
0 0.687036 0.519343 0.007406 0.011519
0 0.586109 0.581894 0.007406 0.011528
0 0.594906 0.577778 0.010187 0.013167
0 0.762036 0.508639 0.009260 0.013167
0 0.799536 0.508639 0.010188 0.013167
0 0.762036 0.508644 0.007406 0.009880
0 0.763888 0.508644 0.005557 0.009880
