0 0.519112 0.528458 0.012516 0.022231
0 0.469734 0.577204 0.014427 0.030778
0 0.397919 0.557579 0.009620 0.018843
0 0.231680 0.613032 0.012182 0.027935
0 0.672935 0.522245 0.021807 0.019954
0 0.538917 0.490417 0.008656 0.018241
0 0.572880 0.527750 0.008656 0.013685
0 0.791586 0.731111 0.064474 0.039556
0 0.779427 0.550963 0.013167 0.021019
0 0.338724 0.598875 0.016667 0.062546
0 0.594104 0.554750 0.015740 0.057611
0 0.332214 0.685000 0.025000 0.070778
0 0.256482 0.690537 0.025922 0.070778
0 0.657870 0.483130 0.008333 0.014815
0 0.657406 0.483130 0.007406 0.011519
0 0.600927 0.491356 0.007406 0.011528
0 0.600464 0.490537 0.010188 0.013167
0 0.741667 0.482306 0.009260 0.013167
0 0.782870 0.482306 0.010188 0.013167
0 0.741667 0.479014 0.007406 0.009880
0 0.743518 0.480657 0.005557 0.009870
