0 0.541201 0.567301 0.012516 0.022231
0 0.412581 0.604796 0.010557 0.019426
0 0.236680 0.652903 0.012182 0.027935
0 0.558167 0.534574 0.008656 0.018241
0 0.601906 0.554843 0.010687 0.015722
0 0.804758 0.781088 0.064474 0.039546
0 0.238240 0.670273 0.016667 0.062546
0 0.577315 0.585185 0.015745 0.057611
0 0.247688 0.744856 0.025000 0.070787
0 0.198148 0.759671 0.025922 0.070787
0 0.687500 0.530861 0.008333 0.014815
0 0.687964 0.530866 0.007406 0.011528
0 0.571297 0.596708 0.007406 0.011528
0 0.578240 0.595884 0.010187 0.013176
0 0.761109 0.520167 0.009260 0.013167
0 0.796760 0.521810 0.010187 0.013176
0 0.762036 0.521810 0.007406 0.009880
0 0.761112 0.520162 0.005557 0.009880
