0 0.523888 0.532032 0.012516 0.022231
0 0.472214 0.575333 0.014427 0.030778
0 0.400784 0.559630 0.009620 0.018852
0 0.233630 0.616181 0.012187 0.027935
0 0.675047 0.524435 0.021802 0.019944
0 0.542729 0.489630 0.008656 0.018241
0 0.576008 0.527616 0.009672 0.014694
0 0.794857 0.731921 0.064474 0.039546
0 0.784260 0.551194 0.013167 0.021019
0 0.334260 0.602468 0.016667 0.062546
0 0.599911 0.559907 0.015740 0.057611
0 0.331943 0.716870 0.025000 0.070778
0 0.255557 0.695472 0.025927 0.070778
0 0.672687 0.488065 0.008333 0.014815
0 0.671297 0.486421 0.007406 0.011528
0 0.604630 0.493005 0.007406 0.011528
0 0.606018 0.493824 0.010182 0.013167
0 0.744443 0.479009 0.009260 0.013167
0 0.782870 0.483954 0.010188 0.013167
0 0.742594 0.480657 0.007406 0.009870
0 0.746297 0.479014 0.005552 0.009880
