0 0.540974 0.561588 0.012510 0.022231
0 0.412307 0.590662 0.010562 0.019417
0 0.239232 0.647301 0.012182 0.027935
0 0.559685 0.525241 0.008661 0.018241
0 0.601060 0.541852 0.010682 0.015722
0 0.805763 0.771366 0.064474 0.039546
0 0.247224 0.674898 0.016667 0.062556
0 0.589352 0.575306 0.015745 0.057611
0 0.270833 0.736625 0.025000 0.070787
0 0.200927 0.753088 0.025927 0.070787
0 0.688427 0.519343 0.008333 0.014815
0 0.686109 0.522634 0.007406 0.011528
0 0.588891 0.604940 0.007406 0.011528
0 0.592130 0.584361 0.010188 0.013167
0 0.762036 0.510287 0.009260 0.013167
0 0.799536 0.511935 0.010188 0.013167
0 0.762036 0.510287 0.007406 0.009870
0 0.763888 0.510287 0.005557 0.009870
