0 0.339049 0.591532 0.047776 0.035343
0 0.508099 0.530931 0.013792 0.022231
0 0.458880 0.592449 0.014427 0.030787
0 0.387133 0.558380 0.009620 0.018815
0 0.221391 0.610056 0.012187 0.027926
0 0.760156 0.555394 0.017250 0.028250
0 0.370224 0.617782 0.016667 0.062546
0 0.568982 0.537449 0.015745 0.057620
0 0.331943 0.666528 0.025000 0.070778
0 0.255557 0.679014 0.025927 0.070787
0 0.646760 0.489713 0.008333 0.014815
0 0.645370 0.486421 0.007406 0.011528
0 0.588891 0.493005 0.007406 0.011528
0 0.588427 0.492181 0.010187 0.013176
0 0.731482 0.487241 0.009255 0.013167
0 0.772685 0.485597 0.010182 0.013176
0 0.773148 0.482306 0.007411 0.009870
0 0.729630 0.485597 0.005552 0.009880
