0 0.525070 0.532495 0.012516 0.022231
0 0.472885 0.574583 0.014427 0.030778
0 0.401596 0.560111 0.009620 0.018852
0 0.234159 0.617032 0.012182 0.027935
0 0.675891 0.525310 0.021802 0.019954
0 0.544219 0.490296 0.008656 0.018241
0 0.577185 0.527551 0.010182 0.015213
0 0.795581 0.732870 0.064474 0.039556
0 0.786464 0.552519 0.013167 0.021019
0 0.328703 0.618931 0.016667 0.062546
0 0.597685 0.539093 0.015745 0.057611
0 0.330094 0.716870 0.025000 0.070778
0 0.254630 0.697120 0.025927 0.070778
0 0.674536 0.486417 0.008333 0.014815
0 0.675000 0.484773 0.007406 0.011528
0 0.605557 0.491356 0.007406 0.011528
0 0.606945 0.495472 0.010182 0.013167
0 0.748148 0.480657 0.009255 0.013167
0 0.787500 0.482306 0.010187 0.013167
0 0.745370 0.480657 0.007406 0.009870
0 0.746297 0.479014 0.005552 0.009880
