0 0.526253 0.532958 0.012516 0.022231
0 0.473557 0.573829 0.014427 0.030787
0 0.402406 0.560588 0.009615 0.018843
0 0.234690 0.617884 0.012182 0.027935
0 0.676125 0.526833 0.021802 0.019944
0 0.545594 0.492074 0.008656 0.018241
0 0.578362 0.527481 0.010682 0.015722
0 0.796305 0.733815 0.064474 0.039556
0 0.788969 0.553296 0.013167 0.021019
0 0.329104 0.602167 0.016667 0.062556
0 0.603089 0.565296 0.015740 0.057611
0 0.330620 0.694236 0.025000 0.070787
0 0.252776 0.695472 0.025927 0.070778
0 0.664354 0.483130 0.008333 0.014815
0 0.663891 0.484773 0.007406 0.011528
0 0.606482 0.493005 0.007411 0.011528
0 0.606945 0.493824 0.010182 0.013167
0 0.746297 0.480657 0.009260 0.013167
0 0.791203 0.483954 0.010188 0.013167
0 0.745370 0.480657 0.007406 0.009870
0 0.746297 0.479014 0.005552 0.009880
