0 0.530273 0.535282 0.012516 0.022231
0 0.480286 0.564444 0.014427 0.030778
0 0.409974 0.562829 0.009615 0.018843
0 0.236807 0.621292 0.012187 0.027935
0 0.676708 0.530644 0.021802 0.019954
0 0.551005 0.495083 0.008656 0.018241
0 0.582888 0.530111 0.010682 0.015722
0 0.801935 0.736519 0.064474 0.039556
0 0.796203 0.556875 0.013167 0.021009
0 0.321297 0.628806 0.016667 0.062556
0 0.604167 0.547324 0.015740 0.057611
0 0.327313 0.713579 0.025000 0.070787
0 0.245370 0.703704 0.025927 0.070778
0 0.668979 0.486417 0.008333 0.014815
0 0.671297 0.486421 0.007406 0.011528
0 0.600927 0.496296 0.007406 0.011519
0 0.602315 0.495472 0.010182 0.013167
0 0.754630 0.483954 0.009260 0.013167
0 0.793055 0.482306 0.010182 0.013167
0 0.753703 0.482306 0.007406 0.009870
0 0.754630 0.483949 0.005552 0.009880
