0 0.541016 0.562681 0.012510 0.022231
0 0.412354 0.593019 0.010562 0.019426
0 0.238932 0.648903 0.012187 0.027935
0 0.559685 0.526843 0.008661 0.018241
0 0.601552 0.543597 0.010687 0.015713
0 0.805911 0.772963 0.064479 0.039556
0 0.259958 0.663468 0.016667 0.062546
0 0.587500 0.578602 0.015740 0.057611
0 0.269906 0.741565 0.025000 0.070778
0 0.203703 0.739917 0.025927 0.070778
0 0.687500 0.520991 0.008333 0.014815
0 0.685185 0.524278 0.007411 0.011519
0 0.589815 0.603292 0.007411 0.011528
0 0.585648 0.589301 0.010182 0.013176
0 0.762964 0.513583 0.009260 0.013167
0 0.799536 0.513583 0.010188 0.013167
0 0.762964 0.511935 0.007406 0.009870
0 0.762964 0.515227 0.005552 0.009880
