0 0.336427 0.594329 0.047771 0.035343
0 0.505727 0.532708 0.013786 0.022231
0 0.456797 0.594944 0.014427 0.030778
0 0.384237 0.560296 0.009620 0.018815
0 0.753437 0.557009 0.017250 0.028259
0 0.378276 0.615000 0.016667 0.062556
0 0.559724 0.544032 0.015740 0.057620
0 0.331089 0.664505 0.025000 0.070787
0 0.254630 0.677366 0.025927 0.070787
0 0.656021 0.489713 0.008333 0.014815
0 0.656482 0.491356 0.007411 0.011528
0 0.584260 0.494648 0.007406 0.011519
0 0.584721 0.495472 0.010182 0.013167
0 0.726852 0.490537 0.009255 0.013167
0 0.772685 0.477366 0.010182 0.013176
0 0.768518 0.488889 0.007411 0.009870
0 0.727779 0.488889 0.005557 0.009870
