0 0.337659 0.591153 0.047776 0.035343
0 0.507138 0.531329 0.013786 0.022231
0 0.457557 0.593944 0.014427 0.030778
0 0.385872 0.559560 0.009620 0.018806
0 0.220109 0.611384 0.012187 0.027935
0 0.756617 0.557333 0.017255 0.028259
0 0.378703 0.628806 0.016667 0.062556
0 0.564352 0.544032 0.015745 0.057620
0 0.331339 0.667542 0.025000 0.070787
0 0.256234 0.668750 0.025927 0.070778
0 0.646760 0.491361 0.008333 0.014815
0 0.644443 0.489713 0.007406 0.011519
0 0.586109 0.491356 0.007406 0.011528
0 0.585648 0.493824 0.010182 0.013167
0 0.729630 0.485597 0.009260 0.013176
0 0.771760 0.477366 0.010187 0.013176
0 0.771297 0.487245 0.007406 0.009880
0 0.727779 0.488889 0.005557 0.009870
