0 0.539641 0.549838 0.012510 0.022231
0 0.239607 0.638625 0.012182 0.027935
0 0.559010 0.516037 0.008656 0.018241
0 0.595750 0.538579 0.010687 0.015713
0 0.804846 0.762296 0.064474 0.039556
0 0.287964 0.665019 0.016667 0.062556
0 0.597685 0.568722 0.015745 0.057611
0 0.296760 0.730042 0.025000 0.070787
0 0.213891 0.736625 0.025927 0.070787
0 0.688427 0.509463 0.008333 0.014815
0 0.687964 0.509463 0.007406 0.011519
0 0.622224 0.511111 0.007406 0.011519
0 0.622685 0.511935 0.010182 0.013167
0 0.762036 0.500412 0.009260 0.013176
0 0.800464 0.500412 0.010188 0.013176
0 0.761109 0.500412 0.007406 0.009880
0 0.762964 0.500412 0.005552 0.009880
