0 0.540805 0.558106 0.012516 0.022231
0 0.412240 0.587130 0.010562 0.019426
0 0.239682 0.644898 0.012187 0.027926
0 0.559534 0.522574 0.008661 0.018241
0 0.599690 0.540444 0.010682 0.015722
0 0.805516 0.768833 0.064479 0.039556
0 0.275000 0.674898 0.016667 0.062556
0 0.591203 0.572019 0.015740 0.057611
0 0.279167 0.738273 0.025000 0.070787
0 0.203703 0.738273 0.025927 0.070787
0 0.686573 0.514407 0.008333 0.014815
0 0.679630 0.511111 0.007406 0.011519
0 0.590740 0.570370 0.007406 0.011519
0 0.601388 0.539917 0.010182 0.013167
0 0.762036 0.508639 0.009260 0.013167
0 0.801388 0.506995 0.010182 0.013176
0 0.762036 0.506995 0.007406 0.009880
0 0.763888 0.510287 0.005557 0.009870
