0 0.513099 0.529745 0.013021 0.022231
0 0.463208 0.582245 0.014427 0.030787
0 0.391987 0.554611 0.009620 0.018815
0 0.226273 0.606065 0.012182 0.027926
0 0.671224 0.523977 0.021802 0.019954
0 0.770354 0.552389 0.013167 0.021019
0 0.350500 0.604866 0.016667 0.062546
0 0.588286 0.549352 0.015740 0.057611
0 0.334724 0.697120 0.025000 0.070778
0 0.256482 0.680657 0.025922 0.070778
0 0.665276 0.483130 0.008333 0.014815
0 0.651852 0.483130 0.007411 0.011519
0 0.595370 0.489713 0.007406 0.011519
0 0.596760 0.493824 0.010187 0.013167
0 0.737964 0.482306 0.009260 0.013167
0 0.785648 0.472426 0.010182 0.013167
0 0.777776 0.483949 0.007406 0.009880
0 0.736112 0.475718 0.005557 0.009880
