0 0.336044 0.595986 0.047776 0.035343
0 0.505180 0.533338 0.013786 0.022231
0 0.456635 0.595194 0.014427 0.030778
0 0.383628 0.560468 0.009620 0.018806
0 0.752440 0.556523 0.017255 0.028250
0 0.383333 0.627162 0.016667 0.062546
0 0.557870 0.542389 0.015740 0.057611
0 0.327349 0.666278 0.025000 0.070778
0 0.254630 0.675722 0.025927 0.070778
0 0.653240 0.493000 0.008333 0.014815
0 0.644443 0.493005 0.007406 0.011528
0 0.583333 0.494648 0.007406 0.011519
0 0.584721 0.495472 0.010182 0.013167
0 0.725000 0.490537 0.009260 0.013167
0 0.769906 0.487241 0.010187 0.013167
0 0.771297 0.479014 0.007406 0.009880
0 0.725000 0.492181 0.005552 0.009880
