0 0.333349 0.607551 0.047771 0.035343
0 0.501365 0.537727 0.013792 0.022231
0 0.455513 0.596940 0.014432 0.030787
0 0.379362 0.561667 0.009620 0.018815
0 0.388927 0.616458 0.016667 0.062546
0 0.548609 0.547324 0.015740 0.057611
0 0.327581 0.662227 0.020828 0.070787
0 0.256198 0.667546 0.025927 0.070778
0 0.651391 0.496296 0.008333 0.014815
0 0.653703 0.496296 0.007406 0.011519
0 0.580557 0.499588 0.007406 0.011528
0 0.582870 0.500412 0.010188 0.013176
0 0.721297 0.493824 0.009260 0.013167
0 0.771760 0.482306 0.010187 0.013167
0 0.765740 0.493829 0.007406 0.009880
0 0.722221 0.493829 0.005557 0.009880
