0 0.541250 0.568431 0.012510 0.022231
0 0.412651 0.608324 0.010562 0.019426
0 0.236005 0.654102 0.012187 0.027926
0 0.557557 0.536944 0.008656 0.018241
0 0.803510 0.783398 0.064479 0.039556
0 0.229656 0.677079 0.016667 0.062546
0 0.573609 0.588477 0.015740 0.057620
0 0.240276 0.741565 0.025000 0.070778
0 0.195370 0.761315 0.025927 0.070778
0 0.686573 0.532509 0.008333 0.014815
0 0.687036 0.532509 0.007406 0.011519
0 0.569443 0.598352 0.007406 0.011519
0 0.573612 0.599176 0.010182 0.013167
0 0.760185 0.523454 0.009255 0.013167
0 0.795833 0.525102 0.010187 0.013167
0 0.760185 0.526750 0.007411 0.009870
0 0.760185 0.521810 0.005557 0.009880
