0 0.541117 0.577625 0.012516 0.022231
0 0.407159 0.618940 0.010557 0.019417
0 0.231049 0.669449 0.012182 0.027935
0 0.553469 0.552065 0.008656 0.018241
0 0.804560 0.797782 0.064474 0.039546
0 0.188891 0.697944 0.016667 0.062556
0 0.545833 0.618106 0.015740 0.057620
0 0.179167 0.776130 0.025000 0.070778
0 0.180557 0.789301 0.025927 0.070787
0 0.673609 0.542389 0.008333 0.014815
0 0.675927 0.539093 0.007406 0.011519
0 0.544443 0.634569 0.007406 0.011528
0 0.544906 0.617287 0.010187 0.013167
0 0.758333 0.543213 0.009260 0.013167
0 0.797685 0.543213 0.010182 0.013167
0 0.757406 0.541565 0.007406 0.009870
0 0.757409 0.541565 0.005557 0.009870
