0 0.338586 0.591403 0.047776 0.035343
0 0.507779 0.531060 0.013786 0.022231
0 0.458437 0.592949 0.014427 0.030787
0 0.386711 0.558773 0.009620 0.018806
0 0.220964 0.610500 0.012187 0.027926
0 0.758977 0.556042 0.017255 0.028250
0 0.372224 0.617282 0.016667 0.062546
0 0.567130 0.547324 0.015740 0.057611
0 0.333833 0.664120 0.025000 0.070778
0 0.255557 0.679014 0.025927 0.070787
0 0.645833 0.488065 0.008333 0.014815
0 0.654630 0.489713 0.007406 0.011519
0 0.588891 0.496296 0.007406 0.011519
0 0.586573 0.493824 0.010187 0.013167
0 0.730557 0.487241 0.009260 0.013167
0 0.768982 0.485597 0.010182 0.013176
0 0.772224 0.485597 0.007406 0.009880
0 0.728703 0.485597 0.005552 0.009880
