0 0.536266 0.541912 0.012510 0.022231
0 0.491992 0.563185 0.014432 0.030778
0 0.411141 0.574588 0.010562 0.019417
0 0.239456 0.627421 0.012182 0.027935
0 0.557135 0.503778 0.008656 0.018241
0 0.590224 0.535347 0.010687 0.015713
0 0.801935 0.745481 0.064474 0.039556
0 0.807042 0.567847 0.013167 0.021009
0 0.307406 0.640329 0.016667 0.062546
0 0.604167 0.558847 0.015740 0.057620
0 0.315276 0.738273 0.025000 0.070787
0 0.228703 0.713579 0.025927 0.070787
0 0.672687 0.493000 0.008333 0.014815
0 0.673148 0.491356 0.007411 0.011528
0 0.616667 0.504528 0.007406 0.011519
0 0.618055 0.503704 0.010182 0.013167
0 0.759260 0.492181 0.009260 0.013176
0 0.797685 0.493824 0.010182 0.013167
0 0.757406 0.492181 0.007406 0.009880
0 0.760185 0.492181 0.005557 0.009880
