0 0.340440 0.591912 0.047776 0.035343
0 0.509060 0.530532 0.013786 0.022231
0 0.460203 0.590954 0.014427 0.030778
0 0.388388 0.557194 0.009620 0.018815
0 0.222674 0.608727 0.012182 0.027935
0 0.670503 0.530602 0.021807 0.019944
0 0.764581 0.553630 0.014526 0.023426
0 0.364672 0.608222 0.016667 0.062556
0 0.572685 0.540741 0.015745 0.057611
0 0.333370 0.667477 0.025000 0.070787
0 0.255557 0.679014 0.025927 0.070787
0 0.649536 0.484778 0.008333 0.014815
0 0.649073 0.488065 0.007406 0.011519
0 0.590740 0.493005 0.007406 0.011528
0 0.589352 0.487241 0.010182 0.013167
0 0.730557 0.483954 0.009260 0.013167
0 0.776388 0.485597 0.010182 0.013176
0 0.776852 0.474074 0.007411 0.009870
0 0.730555 0.482306 0.005557 0.009870
