1 0.541008 0.579949 0.012516 0.022231
1 0.406966 0.619963 0.010557 0.019426
1 0.231049 0.669449 0.012182 0.027935
1 0.553469 0.552065 0.008656 0.018241
1 0.804560 0.797782 0.064474 0.039546
1 0.183333 0.679833 0.016667 0.062556
1 0.543982 0.621398 0.015745 0.057611
1 0.179167 0.771194 0.025000 0.070778
1 0.164815 0.777778 0.025922 0.070778
1 0.682870 0.555556 0.008333 0.014815
1 0.684260 0.552264 0.007406 0.011528
1 0.537964 0.618106 0.007406 0.011528
1 0.540279 0.620574 0.010182 0.013167
1 0.757406 0.543213 0.009260 0.013167
1 0.796760 0.543213 0.010187 0.013167
1 0.756482 0.541565 0.007411 0.009870
1 0.756482 0.541565 0.005557 0.009870
