1 0.334503 0.602597 0.047776 0.035343
1 0.503000 0.535847 0.013792 0.022231
1 0.455995 0.596190 0.014427 0.030787
1 0.381190 0.561153 0.009620 0.018806
1 0.384260 0.620574 0.016667 0.062556
1 0.553240 0.545676 0.015740 0.057611
1 0.326391 0.683949 0.025000 0.070787
1 0.254630 0.677366 0.025927 0.070787
1 0.654167 0.493000 0.008333 0.014815
1 0.640740 0.494648 0.007406 0.011519
1 0.581482 0.497944 0.007411 0.011519
1 0.583797 0.497120 0.010188 0.013167
1 0.723148 0.492181 0.009255 0.013176
1 0.771760 0.480657 0.010187 0.013167
1 0.765740 0.492181 0.007406 0.009880
1 0.725000 0.492181 0.005552 0.009880
