1 0.339977 0.591782 0.047776 0.035343
1 0.508740 0.530671 0.013792 0.022231
1 0.459760 0.591454 0.014427 0.030778
1 0.387971 0.557588 0.009620 0.018806
1 0.222247 0.609171 0.012182 0.027935
1 0.670344 0.531310 0.021802 0.019954
1 0.762958 0.554190 0.015896 0.025843
1 0.367130 0.610630 0.016667 0.062556
1 0.573042 0.550745 0.015740 0.057620
1 0.335646 0.672671 0.025000 0.070787
1 0.255557 0.679014 0.025927 0.070787
1 0.657870 0.484778 0.008333 0.014815
1 0.647224 0.488065 0.007406 0.011519
1 0.591667 0.491356 0.007406 0.011528
1 0.589352 0.490537 0.010182 0.013167
1 0.731482 0.485597 0.009255 0.013176
1 0.773612 0.482306 0.010182 0.013167
1 0.773148 0.483949 0.007411 0.009880
1 0.731482 0.485597 0.005557 0.009880
