1 0.540505 0.552241 0.012510 0.022222
1 0.412148 0.582417 0.010557 0.019426
1 0.239831 0.641431 0.012182 0.027935
1 0.559234 0.518833 0.008656 0.018241
1 0.597437 0.539380 0.010687 0.015722
1 0.805133 0.765093 0.064474 0.039556
1 0.276854 0.671606 0.016667 0.062546
1 0.593982 0.570370 0.015745 0.057611
1 0.289354 0.738273 0.025000 0.070787
1 0.208333 0.733333 0.025927 0.070778
1 0.686573 0.512759 0.008333 0.014815
1 0.687964 0.512759 0.007406 0.011519
1 0.620370 0.514403 0.007406 0.011528
1 0.620833 0.518519 0.010187 0.013167
1 0.762964 0.503704 0.009260 0.013167
1 0.799536 0.503704 0.010188 0.013167
1 0.761109 0.503704 0.007406 0.009870
1 0.762964 0.503704 0.005552 0.009870
