1 0.541445 0.572968 0.012516 0.022231
1 0.408286 0.614361 0.010562 0.019426
1 0.232891 0.663634 0.012188 0.027935
1 0.556232 0.547417 0.008661 0.018241
1 0.801935 0.793111 0.064474 0.039556
1 0.208333 0.665019 0.016667 0.062556
1 0.558797 0.598352 0.015740 0.057611
1 0.207870 0.762963 0.025000 0.070778
1 0.191667 0.779426 0.025927 0.070778
1 0.685646 0.547324 0.008333 0.014815
1 0.687036 0.547324 0.007406 0.011519
1 0.554630 0.604940 0.007406 0.011528
1 0.556018 0.604116 0.010182 0.013176
1 0.758333 0.531685 0.009260 0.013167
1 0.795833 0.533333 0.010187 0.013167
1 0.769443 0.549792 0.007406 0.009880
1 0.758333 0.531690 0.005552 0.009880
