1 0.529031 0.534245 0.012510 0.022231
1 0.476167 0.570824 0.014427 0.030778
1 0.408273 0.562829 0.009620 0.018843
1 0.236013 0.620014 0.012182 0.027935
1 0.676708 0.530644 0.021802 0.019954
1 0.549271 0.494407 0.008656 0.018241
1 0.580919 0.528704 0.010682 0.015722
1 0.801935 0.734278 0.064474 0.039556
1 0.793841 0.555472 0.013161 0.021019
1 0.324073 0.628806 0.016667 0.062556
1 0.603240 0.547324 0.015740 0.057611
1 0.330094 0.716870 0.025000 0.070778
1 0.249073 0.700412 0.025927 0.070787
1 0.668979 0.484778 0.008333 0.014815
1 0.677776 0.489713 0.007406 0.011519
1 0.613891 0.494648 0.007406 0.011519
1 0.613427 0.495472 0.010187 0.013167
1 0.751852 0.482306 0.009255 0.013167
1 0.792130 0.487241 0.010188 0.013167
1 0.752776 0.480657 0.007406 0.009870
1 0.752779 0.480657 0.005557 0.009870
