1 0.541299 0.569569 0.012516 0.022231
1 0.411560 0.609833 0.010557 0.019426
1 0.235253 0.656162 0.012182 0.027935
1 0.557557 0.539565 0.008656 0.018241
1 0.801935 0.785639 0.064474 0.039556
1 0.227776 0.684773 0.016667 0.062546
1 0.569906 0.591769 0.015740 0.057611
1 0.231943 0.746500 0.025000 0.070778
1 0.194443 0.766255 0.025927 0.070787
1 0.683797 0.535806 0.008333 0.014815
1 0.683333 0.534157 0.007406 0.011519
1 0.563891 0.601648 0.007406 0.011519
1 0.568055 0.602472 0.010182 0.013167
1 0.761109 0.526750 0.009260 0.013167
1 0.801388 0.521810 0.010182 0.013176
1 0.759260 0.530042 0.007406 0.009880
1 0.761112 0.528394 0.005557 0.009880
