1 0.524479 0.532264 0.012510 0.022231
1 0.472547 0.574958 0.014427 0.030787
1 0.401190 0.559870 0.009620 0.018852
1 0.233893 0.616606 0.012182 0.027935
1 0.675469 0.524875 0.021802 0.019954
1 0.543534 0.489398 0.008661 0.018241
1 0.576596 0.527583 0.009922 0.014963
1 0.795219 0.732394 0.064479 0.039546
1 0.785208 0.552134 0.013167 0.021009
1 0.332406 0.620574 0.016667 0.062556
1 0.602135 0.561556 0.015740 0.057611
1 0.331141 0.693523 0.025000 0.070787
1 0.253703 0.695472 0.025927 0.070778
1 0.664354 0.484778 0.008333 0.014815
1 0.662964 0.483130 0.007406 0.011519
1 0.605557 0.493005 0.007406 0.011528
1 0.604167 0.493824 0.010187 0.013167
1 0.745370 0.482306 0.009260 0.013167
1 0.789352 0.482306 0.010182 0.013167
1 0.745370 0.479014 0.007406 0.009880
1 0.747221 0.480657 0.005557 0.009870
