1 0.338122 0.591273 0.047776 0.035343
1 0.507456 0.531190 0.013786 0.022231
1 0.457997 0.593444 0.014432 0.030778
1 0.386294 0.559167 0.009620 0.018815
1 0.220536 0.610944 0.012187 0.027926
1 0.757794 0.556690 0.017255 0.028250
1 0.373969 0.613921 0.016667 0.062546
1 0.566203 0.539093 0.015740 0.057611
1 0.333474 0.664250 0.025000 0.070778
1 0.255557 0.679014 0.025927 0.070787
1 0.647687 0.486417 0.008333 0.014815
1 0.645370 0.488065 0.007406 0.011519
1 0.586109 0.493005 0.007406 0.011528
1 0.586573 0.492181 0.010187 0.013176
1 0.729630 0.488889 0.009260 0.013167
1 0.770833 0.485597 0.010187 0.013176
1 0.771297 0.485597 0.007406 0.009880
1 0.728703 0.485597 0.005552 0.009880
