1 0.521786 0.530162 0.012510 0.022231
1 0.471542 0.576083 0.014427 0.030778
1 0.399974 0.559148 0.009615 0.018852
1 0.233102 0.615324 0.012182 0.027926
1 0.674203 0.523560 0.021802 0.019954
1 0.541125 0.490074 0.008656 0.018241
1 0.574831 0.527685 0.009161 0.014185
1 0.794133 0.730972 0.064474 0.039556
1 0.782568 0.551009 0.013167 0.021019
1 0.334885 0.606662 0.016667 0.062546
1 0.597409 0.555907 0.015745 0.057611
1 0.332344 0.690454 0.025000 0.070778
1 0.255557 0.693829 0.025927 0.070787
1 0.660646 0.481481 0.008333 0.014815
1 0.659260 0.483130 0.007406 0.011519
1 0.602776 0.489713 0.007406 0.011519
1 0.603240 0.492181 0.010187 0.013176
1 0.743518 0.480657 0.009255 0.013167
1 0.786573 0.482306 0.010187 0.013167
1 0.742594 0.479014 0.007406 0.009880
1 0.756482 0.497120 0.005557 0.009870
