1 0.529859 0.534940 0.012510 0.022231
1 0.479547 0.565380 0.014427 0.030778
1 0.409406 0.562829 0.009615 0.018843
1 0.236544 0.620866 0.012182 0.027935
1 0.676708 0.530644 0.021802 0.019954
1 0.550609 0.494657 0.008656 0.018241
1 0.582232 0.529639 0.010682 0.015722
1 0.801935 0.735769 0.064474 0.039556
1 0.795417 0.556407 0.013167 0.021019
1 0.318521 0.635389 0.016667 0.062556
1 0.604167 0.548972 0.015740 0.057611
1 0.328240 0.716870 0.025000 0.070778
1 0.247224 0.700412 0.025927 0.070787
1 0.668979 0.484778 0.008333 0.014815
1 0.667594 0.489713 0.007406 0.011519
1 0.613891 0.496296 0.007406 0.011519
1 0.600464 0.492181 0.010188 0.013176
1 0.753703 0.482306 0.009260 0.013167
1 0.793055 0.483954 0.010182 0.013167
1 0.752776 0.482306 0.007406 0.009870
1 0.752779 0.482306 0.005557 0.009870
