1 0.541414 0.572208 0.012516 0.022231
1 0.409013 0.613356 0.010557 0.019417
1 0.233414 0.661977 0.012182 0.027935
1 0.556823 0.545889 0.008656 0.018241
1 0.801935 0.791241 0.064474 0.039556
1 0.212964 0.663375 0.016667 0.062546
1 0.561573 0.596708 0.015740 0.057620
1 0.212500 0.762963 0.025000 0.070778
1 0.193518 0.781069 0.025922 0.070787
1 0.675464 0.530861 0.008333 0.014815
1 0.674073 0.534157 0.007406 0.011519
1 0.556482 0.606583 0.007411 0.011519
1 0.556018 0.609056 0.010182 0.013167
1 0.759260 0.536625 0.009260 0.013176
1 0.801388 0.526750 0.010182 0.013167
1 0.758333 0.534977 0.007406 0.009880
1 0.760185 0.533333 0.005557 0.009870
