1 0.512393 0.529745 0.013276 0.022231
1 0.462885 0.583273 0.014427 0.030787
1 0.391628 0.554685 0.009620 0.018815
1 0.225880 0.606319 0.012187 0.027935
1 0.671305 0.524759 0.021807 0.019944
1 0.769018 0.552639 0.013161 0.021019
1 0.355198 0.612213 0.016667 0.062556
1 0.581943 0.539093 0.015740 0.057611
1 0.332729 0.680019 0.025000 0.070778
1 0.257766 0.668116 0.025927 0.070787
1 0.654167 0.483130 0.008333 0.014815
1 0.662036 0.486421 0.007406 0.011528
1 0.595370 0.488065 0.007406 0.011519
1 0.594906 0.492181 0.010187 0.013176
1 0.736109 0.480657 0.009260 0.013167
1 0.777315 0.482306 0.010182 0.013167
1 0.777776 0.480657 0.007406 0.009870
1 0.737036 0.482306 0.005552 0.009870
