1 0.537672 0.547505 0.012510 0.022231
1 0.411599 0.580306 0.010562 0.019426
1 0.239456 0.633958 0.012182 0.027935
1 0.558635 0.511366 0.008656 0.018250
1 0.592935 0.537245 0.010682 0.015713
1 0.803977 0.756380 0.064474 0.039556
1 0.296297 0.658435 0.016667 0.062556
1 0.599536 0.562139 0.015740 0.057611
1 0.304167 0.731685 0.025000 0.070778
1 0.219443 0.723458 0.025927 0.070787
1 0.678240 0.497944 0.008333 0.014815
1 0.685185 0.506171 0.007411 0.011528
1 0.620370 0.507819 0.007406 0.011528
1 0.621760 0.510287 0.010187 0.013167
1 0.760185 0.498769 0.009255 0.013167
1 0.800464 0.498769 0.010188 0.013167
1 0.760185 0.497120 0.007411 0.009870
1 0.762964 0.498764 0.005552 0.009880
