1 0.341365 0.592162 0.047771 0.035343
1 0.509701 0.530273 0.013786 0.022231
1 0.460964 0.589426 0.014427 0.030778
1 0.389227 0.556403 0.009620 0.018806
1 0.223529 0.607838 0.012182 0.027935
1 0.670823 0.529176 0.021802 0.019944
1 0.766448 0.553046 0.013167 0.021019
1 0.362958 0.610694 0.016667 0.062556
1 0.575464 0.542389 0.015740 0.057611
1 0.335932 0.674759 0.025000 0.070778
1 0.256482 0.677366 0.025922 0.070787
1 0.650464 0.484778 0.008333 0.014815
1 0.649073 0.484773 0.007406 0.011528
1 0.591667 0.493005 0.007406 0.011528
1 0.591203 0.490537 0.010188 0.013167
1 0.733333 0.482306 0.009260 0.013167
1 0.777315 0.483954 0.010182 0.013167
1 0.775927 0.482306 0.007406 0.009870
1 0.733333 0.480657 0.005552 0.009870
