1 0.406872 0.620472 0.010557 0.019426
1 0.231049 0.669449 0.012182 0.027935
1 0.553469 0.552065 0.008656 0.018241
1 0.804560 0.797782 0.064474 0.039546
1 0.181479 0.678190 0.016667 0.062546
1 0.542130 0.619750 0.015740 0.057611
1 0.177313 0.776130 0.025000 0.070778
1 0.169443 0.781069 0.025927 0.070787
1 0.681943 0.552259 0.008333 0.014815
1 0.671297 0.542389 0.007406 0.011519
1 0.537964 0.616463 0.007406 0.011519
1 0.539352 0.622222 0.010182 0.013167
1 0.759260 0.543213 0.009260 0.013167
1 0.799536 0.541565 0.010188 0.013167
1 0.757406 0.541565 0.007406 0.009870
1 0.757409 0.541565 0.005557 0.009870
