1 0.336810 0.592681 0.047776 0.035343
1 0.506271 0.532088 0.013792 0.022231
1 0.456956 0.594694 0.014432 0.030778
1 0.384846 0.560130 0.009620 0.018815
1 0.754435 0.557495 0.017255 0.028250
1 0.378312 0.613856 0.016667 0.062546
1 0.561573 0.542389 0.015740 0.057611
1 0.331021 0.688889 0.025000 0.070778
1 0.254630 0.677366 0.025927 0.070787
1 0.644906 0.488065 0.008333 0.014815
1 0.642594 0.489713 0.007406 0.011519
1 0.585185 0.493005 0.007411 0.011528
1 0.584721 0.495472 0.010182 0.013167
1 0.727776 0.488889 0.009260 0.013167
1 0.770833 0.483954 0.010187 0.013167
1 0.775000 0.479014 0.007406 0.009880
1 0.727779 0.490532 0.005557 0.009880
