1 0.535904 0.540088 0.012516 0.022231
1 0.490529 0.562690 0.014432 0.030787
1 0.410997 0.572694 0.010401 0.019333
1 0.239456 0.625551 0.012182 0.027935
1 0.556036 0.502130 0.008656 0.018241
1 0.589451 0.534806 0.010682 0.015722
1 0.801935 0.743991 0.064474 0.039556
1 0.809339 0.567148 0.013167 0.021019
1 0.306479 0.640329 0.016667 0.062546
1 0.603240 0.557204 0.015740 0.057611
1 0.318057 0.731685 0.025000 0.070778
1 0.231482 0.711935 0.025922 0.070778
1 0.674536 0.488065 0.008333 0.014815
1 0.671297 0.489713 0.007406 0.011519
1 0.617594 0.504528 0.007406 0.011519
1 0.618055 0.505352 0.010182 0.013167
1 0.759260 0.490537 0.009260 0.013167
1 0.798612 0.490537 0.010182 0.013167
1 0.760185 0.488889 0.007411 0.009870
1 0.759258 0.488889 0.005557 0.009870
