1 0.528026 0.533662 0.012510 0.022231
1 0.474565 0.572704 0.014432 0.030778
1 0.407138 0.562829 0.009620 0.018843
1 0.235484 0.619162 0.012187 0.027935
1 0.676477 0.529116 0.021807 0.019954
1 0.547828 0.493843 0.008656 0.018241
1 0.579789 0.528046 0.010682 0.015722
1 0.798664 0.734597 0.064474 0.039546
1 0.792266 0.554537 0.013167 0.021019
1 0.325927 0.628806 0.016667 0.062556
1 0.602315 0.547324 0.015745 0.057611
1 0.331021 0.716870 0.025000 0.070778
1 0.251852 0.700412 0.025922 0.070787
1 0.667130 0.483130 0.008333 0.014815
1 0.664815 0.483130 0.007411 0.011519
1 0.610185 0.493005 0.007411 0.011528
1 0.610648 0.495472 0.010182 0.013167
1 0.751852 0.480657 0.009255 0.013167
1 0.793055 0.482306 0.010182 0.013167
1 0.752776 0.482306 0.007406 0.009870
1 0.751852 0.480657 0.005557 0.009870
