1 0.541063 0.578782 0.012510 0.022231
1 0.407062 0.619454 0.010563 0.019426
1 0.231049 0.669449 0.012182 0.027935
1 0.553469 0.552065 0.008656 0.018241
1 0.804560 0.797782 0.064474 0.039546
1 0.185188 0.679833 0.016667 0.062556
1 0.543057 0.618106 0.015740 0.057620
1 0.176391 0.774486 0.025000 0.070787
1 0.169443 0.781069 0.025927 0.070787
1 0.682870 0.553907 0.008333 0.014815
1 0.672224 0.542389 0.007406 0.011519
1 0.545370 0.634569 0.007406 0.011528
1 0.541203 0.617287 0.010188 0.013167
1 0.758333 0.543213 0.009260 0.013167
1 0.794906 0.544856 0.010187 0.013176
1 0.757406 0.541565 0.007406 0.009870
1 0.756482 0.541565 0.005557 0.009870
