1 0.540034 0.550310 0.012516 0.022231
1 0.239682 0.639560 0.012187 0.027935
1 0.559083 0.516972 0.008656 0.018241
1 0.596313 0.538847 0.010687 0.015713
1 0.804943 0.763227 0.064479 0.039546
1 0.286109 0.666667 0.016667 0.062556
1 0.595833 0.565435 0.015740 0.057611
1 0.293979 0.739917 0.025000 0.070778
1 0.210185 0.736625 0.025922 0.070787
1 0.678240 0.502880 0.008333 0.014815
1 0.686109 0.512759 0.007406 0.011519
1 0.621297 0.514403 0.007406 0.011528
1 0.621760 0.513583 0.010187 0.013167
1 0.762964 0.500412 0.009260 0.013176
1 0.800464 0.500412 0.010188 0.013176
1 0.763891 0.502060 0.007406 0.009880
1 0.763888 0.500412 0.005557 0.009880
