1 0.541167 0.566542 0.012510 0.022231
1 0.412536 0.602440 0.010563 0.019417
1 0.237130 0.652102 0.012188 0.027926
1 0.558773 0.533083 0.008661 0.018241
1 0.601797 0.552903 0.010687 0.015713
1 0.805151 0.779454 0.064479 0.039556
1 0.243148 0.668407 0.016661 0.062556
1 0.578240 0.585185 0.015740 0.057611
1 0.249536 0.746500 0.025000 0.070778
1 0.198148 0.756380 0.025922 0.070778
1 0.687500 0.529222 0.008333 0.014815
1 0.685185 0.529218 0.007411 0.011528
1 0.580557 0.598352 0.007406 0.011519
1 0.578240 0.595884 0.010187 0.013176
1 0.761109 0.523454 0.009260 0.013167
1 0.799536 0.521810 0.010188 0.013176
1 0.762036 0.521810 0.007406 0.009880
1 0.761112 0.520162 0.005557 0.009880
