1 0.541151 0.566162 0.012510 0.022231
1 0.412513 0.601259 0.010557 0.019426
1 0.237357 0.651704 0.012182 0.027926
1 0.559078 0.532333 0.008656 0.018241
1 0.601896 0.551565 0.010687 0.015722
1 0.805349 0.778639 0.064479 0.039556
1 0.243339 0.665241 0.016667 0.062556
1 0.581018 0.583537 0.015745 0.057611
1 0.253240 0.748148 0.025000 0.070778
1 0.200000 0.751440 0.025927 0.070787
1 0.688427 0.527574 0.008333 0.014815
1 0.688891 0.530866 0.007406 0.011528
1 0.575000 0.595060 0.007406 0.011528
1 0.581018 0.592593 0.010182 0.013167
1 0.761109 0.520167 0.009260 0.013167
1 0.801388 0.518519 0.010182 0.013167
1 0.762036 0.521810 0.007406 0.009880
1 0.763888 0.521810 0.005557 0.009880
