1 0.538065 0.547968 0.012516 0.022231
1 0.412201 0.580750 0.010557 0.019426
1 0.239456 0.634889 0.012182 0.027926
1 0.558708 0.512296 0.008656 0.018241
1 0.593497 0.537509 0.010682 0.015722
1 0.804268 0.757935 0.064474 0.039556
1 0.293521 0.658435 0.016667 0.062556
1 0.600464 0.565435 0.015740 0.057611
1 0.303240 0.733333 0.025000 0.070778
1 0.219443 0.723458 0.025927 0.070787
1 0.689354 0.506176 0.008333 0.014815
1 0.675000 0.497944 0.007406 0.011519
1 0.620370 0.509463 0.007406 0.011519
1 0.621760 0.510287 0.010187 0.013167
1 0.762036 0.498769 0.009260 0.013167
1 0.800464 0.495472 0.010188 0.013167
1 0.760185 0.497120 0.007411 0.009870
1 0.763888 0.497120 0.005557 0.009870
