1 0.532346 0.537014 0.012516 0.022231
1 0.485862 0.561926 0.014432 0.030778
1 0.410604 0.567315 0.009615 0.018852
1 0.238133 0.623421 0.012182 0.027935
1 0.553292 0.498000 0.008656 0.018241
1 0.586169 0.532458 0.010682 0.015713
1 0.801935 0.740250 0.064474 0.039556
1 0.801021 0.564037 0.013167 0.021019
1 0.313891 0.637037 0.016667 0.062556
1 0.604167 0.553907 0.015740 0.057611
1 0.323609 0.721810 0.025000 0.070787
1 0.237964 0.703704 0.025927 0.070778
1 0.670833 0.488065 0.008333 0.014815
1 0.670370 0.489713 0.007406 0.011519
1 0.605557 0.494648 0.007406 0.011519
1 0.605094 0.498769 0.010187 0.013167
1 0.756482 0.487241 0.009255 0.013167
1 0.794906 0.490537 0.010187 0.013167
1 0.755557 0.485597 0.007406 0.009880
1 0.756482 0.485597 0.005557 0.009880
