1 0.344893 0.598431 0.047776 0.035343
1 0.510984 0.529745 0.013792 0.022231
1 0.462245 0.585324 0.014427 0.030778
1 0.390904 0.554824 0.009620 0.018815
1 0.225096 0.606829 0.012182 0.027935
1 0.671464 0.526329 0.021802 0.019954
1 0.767432 0.552917 0.013167 0.021019
1 0.353349 0.612463 0.016667 0.062556
1 0.580094 0.539093 0.015740 0.057611
1 0.335932 0.681157 0.025000 0.070778
1 0.256482 0.677366 0.025922 0.070787
1 0.650464 0.484778 0.008333 0.014815
1 0.662036 0.488065 0.007406 0.011519
1 0.594443 0.488065 0.007406 0.011519
1 0.593055 0.492181 0.010182 0.013176
1 0.734260 0.480657 0.009260 0.013167
1 0.777315 0.480657 0.010182 0.013167
1 0.775000 0.482306 0.007406 0.009870
1 0.749076 0.503704 0.005557 0.009870
