1 0.540729 0.556644 0.012510 0.022231
1 0.412216 0.585954 0.010557 0.019426
1 0.239831 0.644097 0.012182 0.027935
1 0.559458 0.521639 0.008656 0.018241
1 0.599128 0.540181 0.010682 0.015713
1 0.805419 0.767898 0.064474 0.039556
1 0.270370 0.676542 0.016667 0.062546
1 0.593057 0.573662 0.015740 0.057620
1 0.280094 0.731685 0.025000 0.070778
1 0.206482 0.741565 0.025922 0.070778
1 0.689354 0.516046 0.008333 0.014815
1 0.687964 0.514403 0.007406 0.011528
1 0.601852 0.537449 0.007411 0.011528
1 0.600464 0.536625 0.010188 0.013176
1 0.762964 0.508639 0.009260 0.013167
1 0.800464 0.505352 0.010188 0.013167
1 0.762964 0.505347 0.007406 0.009880
1 0.763888 0.505347 0.005557 0.009880
