1 0.541190 0.576588 0.012516 0.022231
1 0.407349 0.617921 0.010562 0.019417
1 0.231049 0.669449 0.012182 0.027935
1 0.553813 0.551481 0.008656 0.018241
1 0.803685 0.797157 0.064474 0.039556
1 0.192594 0.689713 0.016667 0.062556
1 0.549536 0.604935 0.015740 0.057611
1 0.181943 0.767903 0.025000 0.070787
1 0.185185 0.777778 0.025922 0.070778
1 0.683797 0.552259 0.008333 0.014815
1 0.674073 0.542389 0.007406 0.011519
1 0.550927 0.629630 0.007406 0.011519
1 0.549536 0.630454 0.010188 0.013167
1 0.759260 0.543213 0.009260 0.013167
1 0.798612 0.536625 0.010182 0.013176
1 0.757406 0.541565 0.007406 0.009870
1 0.760185 0.541565 0.005557 0.009870
